    1098     1012
       1  2.913e+002  0.000e+000  2.500e-001
       2  2.935e+002  0.000e+000  1.369e+000
       3  2.950e+002  0.000e+000  3.040e+000
       4  2.954e+002  0.000e+000  5.367e+000
       5  2.954e+002  0.000e+000  8.030e+000
       6  2.950e+002  0.000e+000  1.254e+001
       7  2.950e+002  0.000e+000  1.716e+001
       8  2.950e+002  0.000e+000  2.178e+001
       9  2.950e+002  0.000e+000  2.639e+001
      10  2.950e+002  0.000e+000  3.100e+001
      11  2.901e+002  0.000e+000  1.626e-001
      12  2.925e+002  1.376e+000  1.451e+000
      13  2.937e+002  1.720e+000  3.229e+000
      14  2.941e+002  2.041e+000  5.518e+000
      15  2.942e+002  2.357e+000  8.030e+000
      16  2.941e+002  2.513e+000  1.255e+001
      17  2.942e+002  2.510e+000  1.686e+001
      18  2.942e+002  2.479e+000  2.124e+001
      19  2.943e+002  2.573e+000  2.562e+001
      20  2.946e+002  2.797e+000  2.996e+001
      21  2.888e+002  0.000e+000  8.257e-002
      22  2.914e+002  2.511e+000  1.377e+000
      23  2.925e+002  3.357e+000  3.306e+000
      24  2.928e+002  4.046e+000  5.604e+000
      25  2.929e+002  4.700e+000  8.030e+000
      26  2.932e+002  4.913e+000  1.245e+001
      27  2.932e+002  4.936e+000  1.652e+001
      28  2.933e+002  4.877e+000  2.070e+001
      29  2.935e+002  5.064e+000  2.489e+001
      30  2.940e+002  5.510e+000  2.897e+001
      31  2.876e+002  0.000e+000  1.750e-002
      32  2.899e+002  3.233e+000  1.047e+000
      33  2.910e+002  4.828e+000  3.157e+000
      34  2.914e+002  5.979e+000  5.559e+000
      35  2.915e+002  7.015e+000  8.030e+000
      36  2.920e+002  7.089e+000  1.216e+001
      37  2.921e+002  7.193e+000  1.612e+001
      38  2.921e+002  7.115e+000  2.015e+001
      39  2.925e+002  7.391e+000  2.420e+001
      40  2.932e+002  8.056e+000  2.809e+001
      41  2.864e+002  0.000e+000 -2.574e-002
      42  2.884e+002  3.662e+000  6.014e-001
      43  2.894e+002  6.087e+000  2.752e+000
      44  2.898e+002  7.806e+000  5.342e+000
      45  2.900e+002  9.281e+000  8.030e+000
      46  2.905e+002  8.935e+000  1.159e+001
      47  2.905e+002  9.202e+000  1.562e+001
      48  2.906e+002  9.114e+000  1.959e+001
      49  2.910e+002  9.471e+000  2.360e+001
      50  2.918e+002  1.035e+001  2.737e+001
      51  2.852e+002  0.000e+000 -4.704e-002
      52  2.867e+002  3.997e+000  2.426e-001
      53  2.877e+002  7.169e+000  2.256e+000
      54  2.881e+002  9.493e+000  5.027e+000
      55  2.884e+002  1.143e+001  8.030e+000
      56  2.886e+002  1.049e+001  1.086e+001
      57  2.887e+002  1.096e+001  1.508e+001
      58  2.887e+002  1.087e+001  1.905e+001
      59  2.891e+002  1.127e+001  2.308e+001
      60  2.899e+002  1.232e+001  2.685e+001
      61  2.839e+002  0.000e+000 -5.070e-002
      62  2.851e+002  4.328e+000  4.262e-002
      63  2.859e+002  8.122e+000  1.831e+000
      64  2.863e+002  1.101e+001  4.712e+000
      65  2.866e+002  1.340e+001  8.030e+000
      66  2.866e+002  1.193e+001  1.030e+001
      67  2.867e+002  1.257e+001  1.464e+001
      68  2.867e+002  1.246e+001  1.859e+001
      69  2.870e+002  1.285e+001  2.262e+001
      70  2.876e+002  1.398e+001  2.643e+001
      71  2.827e+002  0.000e+000 -4.115e-002
      72  2.835e+002  4.660e+000 -3.549e-002
      73  2.841e+002  8.981e+000  1.492e+000
      74  2.844e+002  1.239e+001  4.429e+000
      75  2.846e+002  1.517e+001  8.030e+000
      76  2.845e+002  1.335e+001  1.002e+001
      77  2.846e+002  1.408e+001  1.436e+001
      78  2.846e+002  1.395e+001  1.823e+001
      79  2.848e+002  1.430e+001  2.220e+001
      80  2.852e+002  1.542e+001  2.599e+001
      81  2.815e+002  0.000e+000 -2.278e-002
      82  2.819e+002  4.991e+000 -3.236e-002
      83  2.822e+002  9.777e+000  1.210e+000
      84  2.823e+002  1.366e+001  4.168e+000
      85  2.825e+002  1.681e+001  8.030e+000
      86  2.824e+002  1.476e+001  9.938e+000
      87  2.824e+002  1.553e+001  1.419e+001
      88  2.824e+002  1.536e+001  1.794e+001
      89  2.825e+002  1.566e+001  2.180e+001
      90  2.827e+002  1.671e+001  2.551e+001
      91  2.803e+002  0.000e+000  2.355e-020
      92  2.803e+002  5.322e+000  1.137e-002
      93  2.803e+002  1.054e+001  9.570e-001
      94  2.803e+002  1.489e+001  3.918e+000
      95  2.803e+002  1.838e+001  8.030e+000
      96  2.803e+002  1.616e+001  9.950e+000
      97  2.803e+002  1.695e+001  1.407e+001
      98  2.803e+002  1.675e+001  1.768e+001
      99  2.803e+002  1.698e+001  2.141e+001
     100  2.803e+002  1.792e+001  2.500e+001
     101  2.803e+002  2.249e+000 -1.366e-003
     102  2.803e+002  4.497e+000 -1.113e-004
     103  2.803e+002  6.744e+000  8.337e-002
     104  2.803e+002  8.966e+000  4.284e-001
     105  2.803e+002  1.109e+001  1.171e+000
     106  2.803e+002  1.299e+001  2.361e+000
     107  2.803e+002  1.456e+001  3.971e+000
     108  2.803e+002  1.570e+001  5.909e+000
     109  2.803e+002  1.645e+001  8.030e+000
     110  2.803e+002  1.665e+001  9.731e+000
     111  2.803e+002  1.676e+001  1.144e+001
     112  2.803e+002  1.680e+001  1.315e+001
     113  2.803e+002  1.680e+001  1.487e+001
     114  2.803e+002  1.680e+001  1.658e+001
     115  2.803e+002  1.680e+001  1.829e+001
     116  2.803e+002  1.684e+001  2.000e+001
     117  2.803e+002  1.699e+001  2.171e+001
     118  2.803e+002  1.734e+001  2.339e+001
     119  2.775e+002  0.000e+000  0.000e+000
     120  2.775e+002  2.415e+000 -9.254e-004
     121  2.776e+002  4.827e+000  6.264e-004
     122  2.776e+002  7.236e+000  4.505e-002
     123  2.776e+002  9.624e+000  2.861e-001
     124  2.777e+002  1.193e+001  9.191e-001
     125  2.777e+002  1.402e+001  2.046e+000
     126  2.778e+002  1.575e+001  3.690e+000
     127  2.778e+002  1.697e+001  5.748e+000
     128  2.778e+002  1.770e+001  8.030e+000
     129  2.778e+002  1.791e+001  9.732e+000
     130  2.778e+002  1.800e+001  1.144e+001
     131  2.778e+002  1.802e+001  1.314e+001
     132  2.778e+002  1.803e+001  1.485e+001
     133  2.778e+002  1.802e+001  1.656e+001
     134  2.778e+002  1.802e+001  1.827e+001
     135  2.778e+002  1.808e+001  1.998e+001
     136  2.778e+002  1.824e+001  2.168e+001
     137  2.778e+002  1.855e+001  2.336e+001
     138  2.777e+002  1.901e+001  2.500e+001
     139  2.748e+002  0.000e+000  0.000e+000
     140  2.748e+002  2.573e+000 -5.376e-004
     141  2.749e+002  5.142e+000  1.144e-003
     142  2.749e+002  7.706e+000  1.333e-002
     143  2.750e+002  1.025e+001  1.614e-001
     144  2.751e+002  1.273e+001  6.864e-001
     145  2.752e+002  1.501e+001  1.749e+000
     146  2.753e+002  1.690e+001  3.420e+000
     147  2.754e+002  1.819e+001  5.594e+000
     148  2.754e+002  1.892e+001  8.030e+000
     149  2.754e+002  1.912e+001  9.731e+000
     150  2.753e+002  1.918e+001  1.143e+001
     151  2.753e+002  1.919e+001  1.314e+001
     152  2.753e+002  1.920e+001  1.484e+001
     153  2.753e+002  1.919e+001  1.654e+001
     154  2.753e+002  1.919e+001  1.825e+001
     155  2.753e+002  1.926e+001  1.995e+001
     156  2.753e+002  1.942e+001  2.165e+001
     157  2.753e+002  1.969e+001  2.333e+001
     158  2.752e+002  2.005e+001  2.500e+001
     159  2.721e+002  0.000e+000  0.000e+000
     160  2.721e+002  2.715e+000 -2.550e-004
     161  2.722e+002  5.426e+000  1.224e-003
     162  2.722e+002  8.131e+000 -5.227e-003
     163  2.723e+002  1.082e+001  7.205e-002
     164  2.725e+002  1.346e+001  4.930e-001
     165  2.726e+002  1.591e+001  1.485e+000
     166  2.728e+002  1.795e+001  3.174e+000
     167  2.729e+002  1.932e+001  5.455e+000
     168  2.729e+002  2.006e+001  8.030e+000
     169  2.729e+002  2.020e+001  9.726e+000
     170  2.728e+002  2.025e+001  1.143e+001
     171  2.728e+002  2.026e+001  1.313e+001
     172  2.728e+002  2.026e+001  1.483e+001
     173  2.728e+002  2.026e+001  1.653e+001
     174  2.728e+002  2.026e+001  1.823e+001
     175  2.728e+002  2.032e+001  1.993e+001
     176  2.728e+002  2.047e+001  2.163e+001
     177  2.728e+002  2.070e+001  2.331e+001
     178  2.727e+002  2.097e+001  2.500e+001
     179  2.694e+002  0.000e+000  0.000e+000
     180  2.694e+002  2.837e+000 -9.711e-005
     181  2.695e+002  5.671e+000  8.247e-004
     182  2.695e+002  8.497e+000 -8.556e-003
     183  2.696e+002  1.131e+001  2.559e-002
     184  2.698e+002  1.409e+001  3.497e-001
     185  2.700e+002  1.670e+001  1.264e+000
     186  2.702e+002  1.888e+001  2.958e+000
     187  2.703e+002  2.032e+001  5.335e+000
     188  2.703e+002  2.109e+001  8.030e+000
     189  2.703e+002  2.111e+001  9.716e+000
     190  2.703e+002  2.118e+001  1.142e+001
     191  2.702e+002  2.118e+001  1.312e+001
     192  2.702e+002  2.117e+001  1.482e+001
     193  2.702e+002  2.117e+001  1.652e+001
     194  2.702e+002  2.117e+001  1.822e+001
     195  2.702e+002  2.123e+001  1.992e+001
     196  2.702e+002  2.135e+001  2.161e+001
     197  2.702e+002  2.153e+001  2.331e+001
     198  2.700e+002  2.173e+001  2.500e+001
     199  2.667e+002  0.000e+000  0.000e+000
     200  2.667e+002  2.942e+000 -2.443e-005
     201  2.668e+002  5.881e+000  2.376e-004
     202  2.668e+002  8.812e+000 -3.551e-003
     203  2.670e+002  1.173e+001  7.993e-003
     204  2.671e+002  1.462e+001  2.462e-001
     205  2.674e+002  1.737e+001  1.078e+000
     206  2.676e+002  1.969e+001  2.765e+000
     207  2.677e+002  2.119e+001  5.230e+000
     208  2.677e+002  2.199e+001  8.030e+000
     209  2.676e+002  2.186e+001  9.705e+000
     210  2.676e+002  2.195e+001  1.141e+001
     211  2.676e+002  2.195e+001  1.311e+001
     212  2.676e+002  2.195e+001  1.481e+001
     213  2.676e+002  2.195e+001  1.651e+001
     214  2.676e+002  2.195e+001  1.821e+001
     215  2.676e+002  2.199e+001  1.991e+001
     216  2.676e+002  2.208e+001  2.161e+001
     217  2.675e+002  2.221e+001  2.330e+001
     218  2.674e+002  2.236e+001  2.500e+001
     219  2.640e+002  0.000e+000  0.000e+000
     220  2.640e+002  3.032e+000  7.822e-006
     221  2.641e+002  6.061e+000 -2.182e-004
     222  2.641e+002  9.084e+000  2.018e-003
     223  2.643e+002  1.210e+001  2.563e-003
     224  2.645e+002  1.508e+001  1.688e-001
     225  2.647e+002  1.796e+001  9.117e-001
     226  2.650e+002  2.039e+001  2.584e+000
     227  2.651e+002  2.193e+001  5.134e+000
     228  2.651e+002  2.273e+001  8.030e+000
     229  2.650e+002  2.250e+001  9.698e+000
     230  2.650e+002  2.261e+001  1.141e+001
     231  2.650e+002  2.260e+001  1.311e+001
     232  2.649e+002  2.259e+001  1.480e+001
     233  2.650e+002  2.260e+001  1.651e+001
     234  2.649e+002  2.260e+001  1.821e+001
     235  2.649e+002  2.262e+001  1.991e+001
     236  2.649e+002  2.268e+001  2.160e+001
     237  2.648e+002  2.278e+001  2.330e+001
     238  2.647e+002  2.289e+001  2.500e+001
     239  2.613e+002  0.000e+000  0.000e+000
     240  2.613e+002  3.110e+000  2.316e-005
     241  2.614e+002  6.217e+000 -4.223e-004
     242  2.614e+002  9.318e+000  4.601e-003
     243  2.616e+002  1.241e+001 -1.178e-005
     244  2.618e+002  1.548e+001  1.086e-001
     245  2.621e+002  1.846e+001  7.578e-001
     246  2.623e+002  2.101e+001  2.410e+000
     247  2.624e+002  2.257e+001  5.040e+000
     248  2.624e+002  2.331e+001  8.030e+000
     249  2.623e+002  2.305e+001  9.697e+000
     250  2.623e+002  2.315e+001  1.141e+001
     251  2.623e+002  2.315e+001  1.311e+001
     252  2.623e+002  2.314e+001  1.480e+001
     253  2.623e+002  2.314e+001  1.650e+001
     254  2.623e+002  2.314e+001  1.820e+001
     255  2.623e+002  2.316e+001  1.990e+001
     256  2.622e+002  2.320e+001  2.160e+001
     257  2.622e+002  2.326e+001  2.330e+001
     258  2.620e+002  2.335e+001  2.500e+001
     259  2.586e+002  0.000e+000  0.000e+000
     260  2.586e+002  3.176e+000  2.640e-005
     261  2.586e+002  6.351e+000 -4.362e-004
     262  2.587e+002  9.520e+000  4.847e-003
     263  2.589e+002  1.268e+001 -7.867e-004
     264  2.591e+002  1.583e+001  6.316e-002
     265  2.594e+002  1.890e+001  6.164e-001
     266  2.596e+002  2.155e+001  2.242e+000
     267  2.597e+002  2.311e+001  4.952e+000
     268  2.597e+002  2.375e+001  8.030e+000
     269  2.596e+002  2.352e+001  9.702e+000
     270  2.596e+002  2.360e+001  1.141e+001
     271  2.596e+002  2.360e+001  1.311e+001
     272  2.596e+002  2.359e+001  1.481e+001
     273  2.596e+002  2.359e+001  1.651e+001
     274  2.596e+002  2.359e+001  1.820e+001
     275  2.596e+002  2.360e+001  1.990e+001
     276  2.595e+002  2.362e+001  2.160e+001
     277  2.595e+002  2.367e+001  2.330e+001
     278  2.593e+002  2.373e+001  2.500e+001
     279  2.559e+002  0.000e+000  0.000e+000
     280  2.559e+002  3.234e+000  2.174e-005
     281  2.559e+002  6.465e+000 -3.283e-004
     282  2.560e+002  9.693e+000  3.588e-003
     283  2.562e+002  1.291e+001 -3.809e-004
     284  2.564e+002  1.612e+001  3.050e-002
     285  2.567e+002  1.927e+001  4.889e-001
     286  2.569e+002  2.201e+001  2.082e+000
     287  2.570e+002  2.356e+001  4.869e+000
     288  2.570e+002  2.408e+001  8.030e+000
     289  2.569e+002  2.391e+001  9.709e+000
     290  2.569e+002  2.396e+001  1.141e+001
     291  2.569e+002  2.396e+001  1.311e+001
     292  2.569e+002  2.396e+001  1.481e+001
     293  2.569e+002  2.396e+001  1.651e+001
     294  2.569e+002  2.396e+001  1.821e+001
     295  2.569e+002  2.396e+001  1.990e+001
     296  2.568e+002  2.398e+001  2.160e+001
     297  2.567e+002  2.401e+001  2.330e+001
     298  2.566e+002  2.405e+001  2.500e+001
     299  2.532e+002  0.000e+000  0.000e+000
     300  2.532e+002  3.283e+000  1.337e-005
     301  2.532e+002  6.564e+000 -1.670e-004
     302  2.533e+002  9.842e+000  1.657e-003
     303  2.534e+002  1.311e+001  5.864e-004
     304  2.537e+002  1.637e+001  8.607e-003
     305  2.539e+002  1.959e+001  3.765e-001
     306  2.542e+002  2.242e+001  1.933e+000
     307  2.543e+002  2.392e+001  4.795e+000
     308  2.543e+002  2.431e+001  8.030e+000
     309  2.542e+002  2.422e+001  9.718e+000
     310  2.541e+002  2.425e+001  1.142e+001
     311  2.541e+002  2.425e+001  1.312e+001
     312  2.541e+002  2.425e+001  1.481e+001
     313  2.541e+002  2.425e+001  1.651e+001
     314  2.541e+002  2.425e+001  1.821e+001
     315  2.541e+002  2.425e+001  1.991e+001
     316  2.541e+002  2.426e+001  2.161e+001
     317  2.540e+002  2.428e+001  2.330e+001
     318  2.539e+002  2.431e+001  2.500e+001
     319  2.504e+002  0.000e+000  0.000e+000
     320  2.505e+002  3.326e+000  5.476e-006
     321  2.505e+002  6.650e+000 -2.078e-005
     322  2.506e+002  9.971e+000 -1.170e-004
     323  2.507e+002  1.329e+001  1.496e-003
     324  2.509e+002  1.659e+001 -4.514e-003
     325  2.512e+002  1.987e+001  2.805e-001
     326  2.515e+002  2.277e+001  1.795e+000
     327  2.516e+002  2.422e+001  4.732e+000
     328  2.515e+002  2.449e+001  8.030e+000
     329  2.514e+002  2.447e+001  9.725e+000
     330  2.514e+002  2.447e+001  1.142e+001
     331  2.514e+002  2.447e+001  1.312e+001
     332  2.514e+002  2.447e+001  1.482e+001
     333  2.514e+002  2.447e+001  1.651e+001
     334  2.514e+002  2.447e+001  1.821e+001
     335  2.514e+002  2.448e+001  1.991e+001
     336  2.514e+002  2.448e+001  2.161e+001
     337  2.513e+002  2.450e+001  2.330e+001
     338  2.512e+002  2.451e+001  2.500e+001
     339  2.477e+002  0.000e+000  0.000e+000
     340  2.478e+002  3.363e+000  1.087e-006
     341  2.478e+002  6.725e+000  6.047e-005
     342  2.479e+002  1.008e+001 -1.106e-003
     343  2.480e+002  1.344e+001  1.866e-003
     344  2.482e+002  1.679e+001 -1.082e-002
     345  2.485e+002  2.011e+001  2.019e-001
     346  2.488e+002  2.307e+001  1.671e+000
     347  2.489e+002  2.446e+001  4.680e+000
     348  2.488e+002  2.463e+001  8.030e+000
     349  2.487e+002  2.466e+001  9.730e+000
     350  2.487e+002  2.464e+001  1.143e+001
     351  2.487e+002  2.464e+001  1.312e+001
     352  2.487e+002  2.465e+001  1.482e+001
     353  2.487e+002  2.465e+001  1.652e+001
     354  2.487e+002  2.465e+001  1.821e+001
     355  2.487e+002  2.465e+001  1.991e+001
     356  2.486e+002  2.465e+001  2.161e+001
     357  2.486e+002  2.466e+001  2.330e+001
     358  2.484e+002  2.467e+001  2.500e+001
     359  2.450e+002  0.000e+000  0.000e+000
     360  2.450e+002  3.396e+000 -1.844e-007
     361  2.451e+002  6.790e+000  8.379e-005
     362  2.452e+002  1.018e+001 -1.384e-003
     363  2.453e+002  1.357e+001  1.751e-003
     364  2.455e+002  1.695e+001 -1.202e-002
     365  2.458e+002  2.032e+001  1.392e-001
     366  2.461e+002  2.334e+001  1.560e+000
     367  2.461e+002  2.464e+001  4.639e+000
     368  2.460e+002  2.474e+001  8.030e+000
     369  2.460e+002  2.479e+001  9.732e+000
     370  2.460e+002  2.477e+001  1.143e+001
     371  2.459e+002  2.477e+001  1.312e+001
     372  2.459e+002  2.477e+001  1.482e+001
     373  2.459e+002  2.477e+001  1.652e+001
     374  2.459e+002  2.477e+001  1.821e+001
     375  2.459e+002  2.477e+001  1.991e+001
     376  2.459e+002  2.478e+001  2.161e+001
     377  2.458e+002  2.478e+001  2.330e+001
     378  2.457e+002  2.479e+001  2.500e+001
     379  2.423e+002  0.000e+000  0.000e+000
     380  2.423e+002  3.424e+000  6.552e-007
     381  2.424e+002  6.848e+000  6.732e-005
     382  2.425e+002  1.027e+001 -1.173e-003
     383  2.426e+002  1.369e+001  1.340e-003
     384  2.428e+002  1.710e+001 -9.795e-003
     385  2.431e+002  2.051e+001  9.012e-002
     386  2.433e+002  2.357e+001  1.462e+000
     387  2.434e+002  2.478e+001  4.607e+000
     388  2.433e+002  2.483e+001  8.030e+000
     389  2.432e+002  2.488e+001  9.732e+000
     390  2.432e+002  2.486e+001  1.143e+001
     391  2.432e+002  2.486e+001  1.312e+001
     392  2.432e+002  2.486e+001  1.482e+001
     393  2.432e+002  2.486e+001  1.652e+001
     394  2.432e+002  2.486e+001  1.821e+001
     395  2.432e+002  2.486e+001  1.991e+001
     396  2.432e+002  2.486e+001  2.161e+001
     397  2.431e+002  2.487e+001  2.330e+001
     398  2.430e+002  2.487e+001  2.500e+001
     399  2.396e+002  0.000e+000  0.000e+000
     400  2.396e+002  3.449e+000  2.598e-006
     401  2.397e+002  6.897e+000  2.917e-005
     402  2.398e+002  1.034e+001 -6.950e-004
     403  2.399e+002  1.379e+001  8.185e-004
     404  2.401e+002  1.723e+001 -5.783e-003
     405  2.403e+002  2.066e+001  5.207e-002
     406  2.406e+002  2.377e+001  1.376e+000
     407  2.407e+002  2.487e+001  4.582e+000
     408  2.406e+002  2.490e+001  8.030e+000
     409  2.405e+002  2.493e+001  9.730e+000
     410  2.405e+002  2.492e+001  1.143e+001
     411  2.405e+002  2.492e+001  1.312e+001
     412  2.405e+002  2.492e+001  1.482e+001
     413  2.405e+002  2.492e+001  1.652e+001
     414  2.405e+002  2.492e+001  1.821e+001
     415  2.405e+002  2.492e+001  1.991e+001
     416  2.404e+002  2.492e+001  2.161e+001
     417  2.404e+002  2.492e+001  2.330e+001
     418  2.403e+002  2.492e+001  2.500e+001
     419  2.369e+002  0.000e+000  0.000e+000
     420  2.369e+002  3.471e+000  4.637e-006
     421  2.370e+002  6.940e+000 -1.254e-005
     422  2.370e+002  1.041e+001 -1.721e-004
     423  2.372e+002  1.387e+001  3.757e-004
     424  2.373e+002  1.734e+001 -1.646e-003
     425  2.376e+002  2.080e+001  2.265e-002
     426  2.379e+002  2.394e+001  1.300e+000
     427  2.379e+002  2.494e+001  4.563e+000
     428  2.378e+002  2.495e+001  8.030e+000
     429  2.378e+002  2.496e+001  9.728e+000
     430  2.378e+002  2.496e+001  1.142e+001
     431  2.377e+002  2.496e+001  1.312e+001
     432  2.377e+002  2.496e+001  1.482e+001
     433  2.377e+002  2.496e+001  1.652e+001
     434  2.377e+002  2.496e+001  1.821e+001
     435  2.377e+002  2.496e+001  1.991e+001
     436  2.377e+002  2.496e+001  2.161e+001
     437  2.376e+002  2.496e+001  2.330e+001
     438  2.375e+002  2.496e+001  2.500e+001
     439  2.342e+002  0.000e+000  0.000e+000
     440  2.342e+002  3.489e+000  5.803e-006
     441  2.343e+002  6.978e+000 -4.060e-005
     442  2.343e+002  1.047e+001  1.848e-004
     443  2.344e+002  1.395e+001  1.878e-004
     444  2.346e+002  1.743e+001  1.014e-003
     445  2.349e+002  2.092e+001 -5.841e-004
     446  2.351e+002  2.409e+001  1.234e+000
     447  2.352e+002  2.497e+001  4.546e+000
     448  2.351e+002  2.498e+001  8.030e+000
     449  2.350e+002  2.498e+001  9.727e+000
     450  2.350e+002  2.498e+001  1.142e+001
     451  2.350e+002  2.498e+001  1.312e+001
     452  2.350e+002  2.498e+001  1.482e+001
     453  2.350e+002  2.498e+001  1.651e+001
     454  2.350e+002  2.498e+001  1.821e+001
     455  2.350e+002  2.498e+001  1.991e+001
     456  2.350e+002  2.498e+001  2.161e+001
     457  2.349e+002  2.498e+001  2.330e+001
     458  2.348e+002  2.498e+001  2.500e+001
     459  2.315e+002  0.000e+000  0.000e+000
     460  2.315e+002  3.505e+000  5.574e-006
     461  2.315e+002  7.010e+000 -4.926e-005
     462  2.316e+002  1.051e+001  3.227e-004
     463  2.317e+002  1.402e+001  2.479e-004
     464  2.319e+002  1.752e+001  1.746e-003
     465  2.321e+002  2.102e+001 -1.933e-002
     466  2.324e+002  2.421e+001  1.178e+000
     467  2.324e+002  2.499e+001  4.530e+000
     468  2.324e+002  2.500e+001  8.030e+000
     469  2.323e+002  2.499e+001  9.726e+000
     470  2.323e+002  2.499e+001  1.142e+001
     471  2.323e+002  2.499e+001  1.312e+001
     472  2.323e+002  2.499e+001  1.482e+001
     473  2.323e+002  2.499e+001  1.651e+001
     474  2.323e+002  2.499e+001  1.821e+001
     475  2.323e+002  2.499e+001  1.991e+001
     476  2.322e+002  2.499e+001  2.161e+001
     477  2.322e+002  2.499e+001  2.330e+001
     478  2.321e+002  2.499e+001  2.500e+001
     479  2.288e+002  0.000e+000  0.000e+000
     480  2.288e+002  3.519e+000  3.721e-006
     481  2.288e+002  7.037e+000 -4.064e-005
     482  2.289e+002  1.055e+001  3.053e-004
     483  2.290e+002  1.407e+001  3.969e-004
     484  2.292e+002  1.759e+001  1.236e-003
     485  2.294e+002  2.111e+001 -3.441e-002
     486  2.297e+002  2.431e+001  1.131e+000
     487  2.297e+002  2.500e+001  4.517e+000
     488  2.296e+002  2.501e+001  8.030e+000
     489  2.296e+002  2.499e+001  9.726e+000
     490  2.295e+002  2.500e+001  1.142e+001
     491  2.295e+002  2.500e+001  1.312e+001
     492  2.295e+002  2.500e+001  1.482e+001
     493  2.295e+002  2.500e+001  1.651e+001
     494  2.295e+002  2.500e+001  1.821e+001
     495  2.295e+002  2.500e+001  1.991e+001
     496  2.295e+002  2.500e+001  2.161e+001
     497  2.295e+002  2.500e+001  2.330e+001
     498  2.293e+002  2.500e+001  2.500e+001
     499  2.261e+002  0.000e+000  0.000e+000
     500  2.261e+002  3.529e+000  2.183e-008
     501  2.261e+002  7.058e+000 -1.703e-005
     502  2.262e+002  1.059e+001  1.994e-004
     503  2.263e+002  1.411e+001  4.709e-004
     504  2.265e+002  1.764e+001  2.170e-004
     505  2.267e+002  2.118e+001 -4.658e-002
     506  2.269e+002  2.439e+001  1.093e+000
     507  2.270e+002  2.500e+001  4.506e+000
     508  2.269e+002  2.502e+001  8.030e+000
     509  2.268e+002  2.500e+001  9.726e+000
     510  2.268e+002  2.500e+001  1.142e+001
     511  2.268e+002  2.500e+001  1.312e+001
     512  2.268e+002  2.500e+001  1.482e+001
     513  2.268e+002  2.500e+001  1.651e+001
     514  2.268e+002  2.500e+001  1.821e+001
     515  2.268e+002  2.500e+001  1.991e+001
     516  2.268e+002  2.500e+001  2.161e+001
     517  2.267e+002  2.500e+001  2.330e+001
     518  2.266e+002  2.500e+001  2.500e+001
     519  2.234e+002  0.000e+000  0.000e+000
     520  2.234e+002  3.537e+000 -5.747e-006
     521  2.234e+002  7.074e+000  1.931e-005
     522  2.235e+002  1.061e+001  7.144e-005
     523  2.236e+002  1.415e+001  3.063e-004
     524  2.237e+002  1.768e+001 -5.780e-004
     525  2.240e+002  2.123e+001 -5.657e-002
     526  2.242e+002  2.446e+001  1.065e+000
     527  2.242e+002  2.499e+001  4.497e+000
     528  2.242e+002  2.501e+001  8.030e+000
     529  2.241e+002  2.500e+001  9.726e+000
     530  2.241e+002  2.500e+001  1.142e+001
     531  2.241e+002  2.500e+001  1.312e+001
     532  2.241e+002  2.500e+001  1.482e+001
     533  2.241e+002  2.500e+001  1.651e+001
     534  2.241e+002  2.500e+001  1.821e+001
     535  2.241e+002  2.500e+001  1.991e+001
     536  2.240e+002  2.500e+001  2.161e+001
     537  2.240e+002  2.500e+001  2.330e+001
     538  2.239e+002  2.500e+001  2.500e+001
     539  2.206e+002  0.000e+000  0.000e+000
     540  2.207e+002  3.542e+000 -1.380e-005
     541  2.207e+002  7.085e+000  6.607e-005
     542  2.208e+002  1.063e+001 -1.199e-005
     543  2.209e+002  1.417e+001 -2.604e-004
     544  2.210e+002  1.771e+001 -4.162e-004
     545  2.212e+002  2.126e+001 -6.515e-002
     546  2.215e+002  2.450e+001  1.047e+000
     547  2.215e+002  2.498e+001  4.491e+000
     548  2.214e+002  2.501e+001  8.030e+000
     549  2.214e+002  2.500e+001  9.727e+000
     550  2.213e+002  2.500e+001  1.142e+001
     551  2.213e+002  2.500e+001  1.312e+001
     552  2.213e+002  2.500e+001  1.482e+001
     553  2.213e+002  2.500e+001  1.651e+001
     554  2.213e+002  2.500e+001  1.821e+001
     555  2.213e+002  2.500e+001  1.991e+001
     556  2.213e+002  2.500e+001  2.161e+001
     557  2.213e+002  2.500e+001  2.330e+001
     558  2.212e+002  2.500e+001  2.500e+001
     559  2.179e+002  0.000e+000  0.000e+000
     560  2.180e+002  3.545e+000 -2.352e-005
     561  2.180e+002  7.090e+000  1.180e-004
     562  2.181e+002  1.063e+001 -1.320e-005
     563  2.181e+002  1.418e+001 -1.253e-003
     564  2.183e+002  1.772e+001  1.075e-003
     565  2.185e+002  2.128e+001 -7.286e-002
     566  2.187e+002  2.453e+001  1.039e+000
     567  2.187e+002  2.498e+001  4.488e+000
     568  2.187e+002  2.501e+001  8.030e+000
     569  2.186e+002  2.500e+001  9.727e+000
     570  2.186e+002  2.500e+001  1.142e+001
     571  2.186e+002  2.500e+001  1.312e+001
     572  2.186e+002  2.500e+001  1.482e+001
     573  2.186e+002  2.500e+001  1.652e+001
     574  2.186e+002  2.500e+001  1.821e+001
     575  2.186e+002  2.500e+001  1.991e+001
     576  2.186e+002  2.500e+001  2.161e+001
     577  2.185e+002  2.500e+001  2.330e+001
     578  2.184e+002  2.500e+001  2.500e+001
     579  2.152e+002  0.000e+000  0.000e+000
     580  2.152e+002  3.546e+000 -3.246e-005
     581  2.153e+002  7.092e+000  1.634e-004
     582  2.153e+002  1.064e+001  3.727e-005
     583  2.154e+002  1.418e+001 -2.326e-003
     584  2.156e+002  1.773e+001  3.163e-003
     585  2.158e+002  2.129e+001 -7.940e-002
     586  2.160e+002  2.455e+001  1.037e+000
     587  2.160e+002  2.498e+001  4.487e+000
     588  2.159e+002  2.500e+001  8.030e+000
     589  2.159e+002  2.500e+001  9.727e+000
     590  2.159e+002  2.500e+001  1.142e+001
     591  2.159e+002  2.500e+001  1.312e+001
     592  2.159e+002  2.500e+001  1.482e+001
     593  2.159e+002  2.500e+001  1.652e+001
     594  2.159e+002  2.500e+001  1.821e+001
     595  2.159e+002  2.500e+001  1.991e+001
     596  2.158e+002  2.500e+001  2.161e+001
     597  2.158e+002  2.500e+001  2.330e+001
     598  2.157e+002  2.500e+001  2.500e+001
     599  2.125e+002  0.000e+000  0.000e+000
     600  2.125e+002  3.547e+000 -3.796e-005
     601  2.126e+002  7.094e+000  1.895e-004
     602  2.126e+002  1.064e+001  9.905e-005
     603  2.127e+002  1.419e+001 -3.078e-003
     604  2.128e+002  1.774e+001  4.902e-003
     605  2.130e+002  2.129e+001 -8.429e-002
     606  2.132e+002  2.456e+001  1.036e+000
     607  2.133e+002  2.498e+001  4.486e+000
     608  2.132e+002  2.500e+001  8.030e+000
     609  2.132e+002  2.500e+001  9.727e+000
     610  2.131e+002  2.500e+001  1.142e+001
     611  2.131e+002  2.500e+001  1.312e+001
     612  2.131e+002  2.500e+001  1.482e+001
     613  2.131e+002  2.500e+001  1.652e+001
     614  2.131e+002  2.500e+001  1.821e+001
     615  2.131e+002  2.500e+001  1.991e+001
     616  2.131e+002  2.500e+001  2.161e+001
     617  2.131e+002  2.500e+001  2.330e+001
     618  2.130e+002  2.500e+001  2.500e+001
     619  2.098e+002  0.000e+000  0.000e+000
     620  2.098e+002  3.549e+000 -3.736e-005
     621  2.099e+002  7.098e+000  1.838e-004
     622  2.099e+002  1.065e+001  1.317e-004
     623  2.100e+002  1.420e+001 -3.105e-003
     624  2.101e+002  1.775e+001  5.347e-003
     625  2.103e+002  2.130e+001 -8.702e-002
     626  2.105e+002  2.457e+001  1.032e+000
     627  2.105e+002  2.498e+001  4.485e+000
     628  2.105e+002  2.500e+001  8.030e+000
     629  2.104e+002  2.500e+001  9.727e+000
     630  2.104e+002  2.500e+001  1.142e+001
     631  2.104e+002  2.500e+001  1.312e+001
     632  2.104e+002  2.500e+001  1.482e+001
     633  2.104e+002  2.500e+001  1.652e+001
     634  2.104e+002  2.500e+001  1.821e+001
     635  2.104e+002  2.500e+001  1.991e+001
     636  2.104e+002  2.500e+001  2.161e+001
     637  2.103e+002  2.500e+001  2.330e+001
     638  2.102e+002  2.500e+001  2.500e+001
     639  2.071e+002  0.000e+000  0.000e+000
     640  2.071e+002  3.553e+000 -2.800e-005
     641  2.071e+002  7.106e+000  1.336e-004
     642  2.072e+002  1.066e+001  9.494e-005
     643  2.073e+002  1.421e+001 -2.003e-003
     644  2.074e+002  1.776e+001  3.552e-003
     645  2.076e+002  2.132e+001 -8.710e-002
     646  2.078e+002  2.458e+001  1.021e+000
     647  2.078e+002  2.498e+001  4.482e+000
     648  2.077e+002  2.500e+001  8.030e+000
     649  2.077e+002  2.500e+001  9.727e+000
     650  2.077e+002  2.500e+001  1.142e+001
     651  2.077e+002  2.500e+001  1.312e+001
     652  2.077e+002  2.500e+001  1.482e+001
     653  2.077e+002  2.500e+001  1.652e+001
     654  2.077e+002  2.500e+001  1.821e+001
     655  2.077e+002  2.500e+001  1.991e+001
     656  2.076e+002  2.500e+001  2.161e+001
     657  2.076e+002  2.500e+001  2.330e+001
     658  2.075e+002  2.500e+001  2.500e+001
     659  2.044e+002  0.000e+000  0.000e+000
     660  2.044e+002  3.560e+000 -7.867e-006
     661  2.044e+002  7.120e+000  2.932e-005
     662  2.045e+002  1.068e+001 -4.542e-005
     663  2.046e+002  1.424e+001  5.607e-004
     664  2.047e+002  1.780e+001 -1.309e-003
     665  2.048e+002  2.137e+001 -8.412e-002
     666  2.050e+002  2.460e+001  9.971e-001
     667  2.050e+002  2.498e+001  4.475e+000
     668  2.050e+002  2.500e+001  8.030e+000
     669  2.049e+002  2.500e+001  9.727e+000
     670  2.049e+002  2.500e+001  1.142e+001
     671  2.049e+002  2.500e+001  1.312e+001
     672  2.049e+002  2.500e+001  1.482e+001
     673  2.049e+002  2.500e+001  1.651e+001
     674  2.049e+002  2.500e+001  1.821e+001
     675  2.049e+002  2.500e+001  1.991e+001
     676  2.049e+002  2.500e+001  2.161e+001
     677  2.049e+002  2.500e+001  2.330e+001
     678  2.048e+002  2.500e+001  2.500e+001
     679  2.017e+002  0.000e+000  0.000e+000
     680  2.017e+002  3.569e+000  1.979e-005
     681  2.017e+002  7.138e+000 -1.123e-004
     682  2.018e+002  1.071e+001 -2.675e-004
     683  2.018e+002  1.427e+001  4.218e-003
     684  2.020e+002  1.784e+001 -8.694e-003
     685  2.021e+002  2.142e+001 -7.877e-002
     686  2.023e+002  2.464e+001  9.633e-001
     687  2.023e+002  2.498e+001  4.466e+000
     688  2.023e+002  2.500e+001  8.030e+000
     689  2.022e+002  2.500e+001  9.727e+000
     690  2.022e+002  2.500e+001  1.142e+001
     691  2.022e+002  2.500e+001  1.312e+001
     692  2.022e+002  2.500e+001  1.482e+001
     693  2.022e+002  2.500e+001  1.651e+001
     694  2.022e+002  2.500e+001  1.821e+001
     695  2.022e+002  2.500e+001  1.991e+001
     696  2.022e+002  2.500e+001  2.161e+001
     697  2.021e+002  2.500e+001  2.330e+001
     698  2.021e+002  2.500e+001  2.500e+001
     699  1.990e+002  0.000e+000  0.000e+000
     700  1.990e+002  3.579e+000  4.920e-005
     701  1.990e+002  7.157e+000 -2.615e-004
     702  1.991e+002  1.074e+001 -5.199e-004
     703  1.991e+002  1.431e+001  8.206e-003
     704  1.992e+002  1.789e+001 -1.719e-002
     705  1.994e+002  2.149e+001 -7.259e-002
     706  1.995e+002  2.467e+001  9.259e-001
     707  1.996e+002  2.498e+001  4.456e+000
     708  1.995e+002  2.500e+001  8.030e+000
     709  1.995e+002  2.500e+001  9.727e+000
     710  1.995e+002  2.500e+001  1.142e+001
     711  1.995e+002  2.500e+001  1.312e+001
     712  1.995e+002  2.500e+001  1.482e+001
     713  1.995e+002  2.500e+001  1.651e+001
     714  1.995e+002  2.500e+001  1.821e+001
     715  1.995e+002  2.500e+001  1.991e+001
     716  1.994e+002  2.500e+001  2.161e+001
     717  1.994e+002  2.500e+001  2.330e+001
     718  1.993e+002  2.500e+001  2.500e+001
     719  1.963e+002  0.000e+000  0.000e+000
     720  1.963e+002  3.587e+000  7.457e-005
     721  1.963e+002  7.174e+000 -3.884e-004
     722  1.963e+002  1.076e+001 -7.511e-004
     723  1.964e+002  1.435e+001  1.176e-002
     724  1.965e+002  1.793e+001 -2.537e-002
     725  1.967e+002  2.154e+001 -6.713e-002
     726  1.968e+002  2.470e+001  8.916e-001
     727  1.968e+002  2.497e+001  4.446e+000
     728  1.968e+002  2.500e+001  8.030e+000
     729  1.967e+002  2.500e+001  9.727e+000
     730  1.967e+002  2.500e+001  1.142e+001
     731  1.967e+002  2.500e+001  1.312e+001
     732  1.967e+002  2.500e+001  1.482e+001
     733  1.967e+002  2.500e+001  1.651e+001
     734  1.967e+002  2.500e+001  1.821e+001
     735  1.967e+002  2.500e+001  1.991e+001
     736  1.967e+002  2.500e+001  2.161e+001
     737  1.967e+002  2.500e+001  2.330e+001
     738  1.966e+002  2.500e+001  2.500e+001
     739  1.936e+002  0.000e+000  0.000e+000
     740  1.936e+002  3.592e+000  9.009e-005
     741  1.936e+002  7.185e+000 -4.634e-004
     742  1.936e+002  1.078e+001 -9.096e-004
     743  1.937e+002  1.437e+001  1.410e-002
     744  1.938e+002  1.796e+001 -3.180e-002
     745  1.939e+002  2.158e+001 -6.396e-002
     746  1.941e+002  2.472e+001  8.674e-001
     747  1.941e+002  2.497e+001  4.439e+000
     748  1.940e+002  2.500e+001  8.030e+000
     749  1.940e+002  2.500e+001  9.727e+000
     750  1.940e+002  2.500e+001  1.142e+001
     751  1.940e+002  2.500e+001  1.312e+001
     752  1.940e+002  2.500e+001  1.482e+001
     753  1.940e+002  2.500e+001  1.651e+001
     754  1.940e+002  2.500e+001  1.821e+001
     755  1.940e+002  2.500e+001  1.991e+001
     756  1.940e+002  2.500e+001  2.161e+001
     757  1.939e+002  2.500e+001  2.330e+001
     758  1.939e+002  2.500e+001  2.500e+001
     759  1.908e+002  0.000e+000  0.000e+000
     760  1.909e+002  3.593e+000  9.006e-005
     761  1.909e+002  7.187e+000 -4.568e-004
     762  1.909e+002  1.078e+001 -9.442e-004
     763  1.910e+002  1.437e+001  1.448e-002
     764  1.911e+002  1.797e+001 -3.506e-002
     765  1.912e+002  2.159e+001 -6.464e-002
     766  1.913e+002  2.473e+001  8.601e-001
     767  1.913e+002  2.497e+001  4.437e+000
     768  1.913e+002  2.500e+001  8.030e+000
     769  1.913e+002  2.500e+001  9.727e+000
     770  1.913e+002  2.500e+001  1.142e+001
     771  1.913e+002  2.500e+001  1.312e+001
     772  1.913e+002  2.500e+001  1.482e+001
     773  1.913e+002  2.500e+001  1.652e+001
     774  1.913e+002  2.500e+001  1.821e+001
     775  1.913e+002  2.500e+001  1.991e+001
     776  1.912e+002  2.500e+001  2.161e+001
     777  1.912e+002  2.500e+001  2.330e+001
     778  1.911e+002  2.500e+001  2.500e+001
     779  1.881e+002  0.000e+000  0.000e+000
     780  1.881e+002  3.589e+000  7.320e-005
     781  1.882e+002  7.179e+000 -3.631e-004
     782  1.882e+002  1.077e+001 -8.377e-004
     783  1.883e+002  1.436e+001  1.263e-002
     784  1.883e+002  1.795e+001 -3.428e-002
     785  1.885e+002  2.157e+001 -6.968e-002
     786  1.886e+002  2.471e+001  8.733e-001
     787  1.886e+002  2.497e+001  4.440e+000
     788  1.886e+002  2.500e+001  8.030e+000
     789  1.885e+002  2.500e+001  9.727e+000
     790  1.885e+002  2.500e+001  1.142e+001
     791  1.885e+002  2.500e+001  1.312e+001
     792  1.885e+002  2.500e+001  1.482e+001
     793  1.885e+002  2.500e+001  1.652e+001
     794  1.885e+002  2.500e+001  1.821e+001
     795  1.885e+002  2.500e+001  1.991e+001
     796  1.885e+002  2.500e+001  2.161e+001
     797  1.885e+002  2.500e+001  2.330e+001
     798  1.884e+002  2.500e+001  2.500e+001
     799  1.854e+002  0.000e+000  0.000e+000
     800  1.854e+002  3.582e+000  4.523e-005
     801  1.855e+002  7.164e+000 -2.150e-004
     802  1.855e+002  1.075e+001 -6.284e-004
     803  1.855e+002  1.433e+001  9.211e-003
     804  1.856e+002  1.791e+001 -2.966e-002
     805  1.857e+002  2.152e+001 -7.741e-002
     806  1.858e+002  2.469e+001  9.019e-001
     807  1.859e+002  2.497e+001  4.448e+000
     808  1.858e+002  2.500e+001  8.030e+000
     809  1.858e+002  2.500e+001  9.727e+000
     810  1.858e+002  2.500e+001  1.142e+001
     811  1.858e+002  2.500e+001  1.312e+001
     812  1.858e+002  2.500e+001  1.482e+001
     813  1.858e+002  2.500e+001  1.652e+001
     814  1.858e+002  2.500e+001  1.821e+001
     815  1.858e+002  2.500e+001  1.991e+001
     816  1.858e+002  2.500e+001  2.161e+001
     817  1.857e+002  2.500e+001  2.330e+001
     818  1.857e+002  2.500e+001  2.500e+001
     819  1.827e+002  0.000e+000  0.000e+000
     820  1.827e+002  3.572e+000  1.248e-005
     821  1.827e+002  7.144e+000 -4.828e-005
     822  1.828e+002  1.072e+001 -3.603e-004
     823  1.828e+002  1.429e+001  4.952e-003
     824  1.829e+002  1.787e+001 -2.151e-002
     825  1.830e+002  2.146e+001 -8.581e-002
     826  1.831e+002  2.466e+001  9.396e-001
     827  1.831e+002  2.498e+001  4.458e+000
     828  1.831e+002  2.500e+001  8.030e+000
     829  1.831e+002  2.500e+001  9.727e+000
     830  1.831e+002  2.500e+001  1.142e+001
     831  1.830e+002  2.500e+001  1.312e+001
     832  1.830e+002  2.500e+001  1.482e+001
     833  1.830e+002  2.500e+001  1.652e+001
     834  1.830e+002  2.500e+001  1.821e+001
     835  1.830e+002  2.500e+001  1.991e+001
     836  1.830e+002  2.500e+001  2.161e+001
     837  1.830e+002  2.500e+001  2.330e+001
     838  1.830e+002  2.500e+001  2.500e+001
     839  1.800e+002  0.000e+000  0.000e+000
     840  1.800e+002  3.562e+000 -1.875e-005
     841  1.800e+002  7.124e+000  1.009e-004
     842  1.801e+002  1.069e+001 -7.722e-005
     843  1.801e+002  1.425e+001  5.932e-004
     844  1.802e+002  1.781e+001 -1.015e-002
     845  1.803e+002  2.139e+001 -9.289e-002
     846  1.804e+002  2.462e+001  9.800e-001
     847  1.804e+002  2.498e+001  4.469e+000
     848  1.804e+002  2.500e+001  8.030e+000
     849  1.803e+002  2.500e+001  9.727e+000
     850  1.803e+002  2.500e+001  1.142e+001
     851  1.803e+002  2.500e+001  1.312e+001
     852  1.803e+002  2.500e+001  1.482e+001
     853  1.803e+002  2.500e+001  1.652e+001
     854  1.803e+002  2.500e+001  1.821e+001
     855  1.803e+002  2.500e+001  1.991e+001
     856  1.803e+002  2.500e+001  2.161e+001
     857  1.803e+002  2.500e+001  2.330e+001
     858  1.802e+002  2.500e+001  2.500e+001
     859  1.773e+002  0.000e+000  0.000e+000
     860  1.773e+002  3.553e+000 -4.213e-005
     861  1.773e+002  7.106e+000  1.966e-004
     862  1.773e+002  1.066e+001  1.770e-004
     863  1.774e+002  1.421e+001 -3.130e-003
     864  1.774e+002  1.777e+001  4.112e-003
     865  1.775e+002  2.133e+001 -9.664e-002
     866  1.776e+002  2.459e+001  1.017e+000
     867  1.776e+002  2.498e+001  4.479e+000
     868  1.776e+002  2.500e+001  8.030e+000
     869  1.776e+002  2.500e+001  9.727e+000
     870  1.776e+002  2.500e+001  1.142e+001
     871  1.776e+002  2.500e+001  1.312e+001
     872  1.776e+002  2.500e+001  1.482e+001
     873  1.776e+002  2.500e+001  1.651e+001
     874  1.776e+002  2.500e+001  1.821e+001
     875  1.776e+002  2.500e+001  1.991e+001
     876  1.776e+002  2.500e+001  2.161e+001
     877  1.775e+002  2.500e+001  2.330e+001
     878  1.775e+002  2.500e+001  2.500e+001
     879  1.746e+002  0.000e+000  0.000e+000
     880  1.746e+002  3.546e+000 -5.225e-005
     881  1.746e+002  7.092e+000  2.079e-004
     882  1.746e+002  1.064e+001  3.641e-004
     883  1.747e+002  1.418e+001 -5.571e-003
     884  1.747e+002  1.773e+001  2.096e-002
     885  1.748e+002  2.129e+001 -9.529e-002
     886  1.749e+002  2.456e+001  1.044e+000
     887  1.749e+002  2.498e+001  4.487e+000
     888  1.749e+002  2.500e+001  8.030e+000
     889  1.749e+002  2.500e+001  9.727e+000
     890  1.748e+002  2.500e+001  1.142e+001
     891  1.748e+002  2.500e+001  1.312e+001
     892  1.748e+002  2.500e+001  1.482e+001
     893  1.748e+002  2.500e+001  1.651e+001
     894  1.748e+002  2.500e+001  1.821e+001
     895  1.748e+002  2.500e+001  1.991e+001
     896  1.748e+002  2.500e+001  2.161e+001
     897  1.748e+002  2.500e+001  2.330e+001
     898  1.748e+002  2.500e+001  2.500e+001
     899  1.719e+002  0.000e+000  0.000e+000
     900  1.719e+002  3.542e+000 -4.870e-005
     901  1.719e+002  7.084e+000  1.330e-004
     902  1.719e+002  1.063e+001  4.792e-004
     903  1.720e+002  1.417e+001 -6.650e-003
     904  1.720e+002  1.771e+001  4.013e-002
     905  1.721e+002  2.126e+001 -8.865e-002
     906  1.722e+002  2.454e+001  1.061e+000
     907  1.722e+002  2.498e+001  4.492e+000
     908  1.721e+002  2.500e+001  8.030e+000
     909  1.721e+002  2.500e+001  9.727e+000
     910  1.721e+002  2.500e+001  1.142e+001
     911  1.721e+002  2.500e+001  1.312e+001
     912  1.721e+002  2.500e+001  1.482e+001
     913  1.721e+002  2.500e+001  1.651e+001
     914  1.721e+002  2.500e+001  1.821e+001
     915  1.721e+002  2.500e+001  1.991e+001
     916  1.721e+002  2.500e+001  2.161e+001
     917  1.721e+002  2.500e+001  2.330e+001
     918  1.721e+002  2.500e+001  2.500e+001
     919  1.692e+002  0.000e+000  0.000e+000
     920  1.692e+002  3.540e+000 -3.285e-005
     921  1.692e+002  7.080e+000 -1.944e-005
     922  1.692e+002  1.062e+001  5.294e-004
     923  1.692e+002  1.416e+001 -6.503e-003
     924  1.693e+002  1.770e+001  6.141e-002
     925  1.693e+002  2.124e+001 -7.725e-002
     926  1.694e+002  2.453e+001  1.068e+000
     927  1.694e+002  2.499e+001  4.494e+000
     928  1.694e+002  2.500e+001  8.030e+000
     929  1.694e+002  2.500e+001  9.727e+000
     930  1.694e+002  2.500e+001  1.142e+001
     931  1.694e+002  2.500e+001  1.312e+001
     932  1.694e+002  2.500e+001  1.482e+001
     933  1.694e+002  2.500e+001  1.651e+001
     934  1.694e+002  2.500e+001  1.821e+001
     935  1.694e+002  2.500e+001  1.991e+001
     936  1.694e+002  2.500e+001  2.161e+001
     937  1.694e+002  2.500e+001  2.330e+001
     938  1.693e+002  2.500e+001  2.500e+001
     939  1.665e+002  0.000e+000  0.000e+000
     940  1.665e+002  3.540e+000 -6.067e-006
     941  1.665e+002  7.080e+000 -2.408e-004
     942  1.665e+002  1.062e+001  5.219e-004
     943  1.665e+002  1.416e+001 -5.266e-003
     944  1.666e+002  1.770e+001  8.455e-002
     945  1.666e+002  2.124e+001 -6.161e-002
     946  1.667e+002  2.453e+001  1.067e+000
     947  1.667e+002  2.498e+001  4.494e+000
     948  1.667e+002  2.501e+001  8.030e+000
     949  1.666e+002  2.500e+001  9.727e+000
     950  1.666e+002  2.500e+001  1.142e+001
     951  1.666e+002  2.500e+001  1.312e+001
     952  1.666e+002  2.500e+001  1.482e+001
     953  1.666e+002  2.500e+001  1.651e+001
     954  1.666e+002  2.500e+001  1.821e+001
     955  1.666e+002  2.500e+001  1.991e+001
     956  1.666e+002  2.500e+001  2.161e+001
     957  1.666e+002  2.500e+001  2.330e+001
     958  1.666e+002  2.500e+001  2.500e+001
     959  1.638e+002  0.000e+000  0.000e+000
     960  1.638e+002  3.542e+000  3.028e-005
     961  1.638e+002  7.083e+000 -5.226e-004
     962  1.638e+002  1.062e+001  4.640e-004
     963  1.638e+002  1.417e+001 -3.076e-003
     964  1.638e+002  1.771e+001  1.093e-001
     965  1.639e+002  2.125e+001 -4.227e-002
     966  1.639e+002  2.453e+001  1.058e+000
     967  1.639e+002  2.498e+001  4.492e+000
     968  1.639e+002  2.501e+001  8.030e+000
     969  1.639e+002  2.500e+001  9.727e+000
     970  1.639e+002  2.500e+001  1.142e+001
     971  1.639e+002  2.500e+001  1.312e+001
     972  1.639e+002  2.500e+001  1.482e+001
     973  1.639e+002  2.500e+001  1.651e+001
     974  1.639e+002  2.500e+001  1.821e+001
     975  1.639e+002  2.500e+001  1.991e+001
     976  1.639e+002  2.500e+001  2.161e+001
     977  1.639e+002  2.500e+001  2.330e+001
     978  1.639e+002  2.500e+001  2.500e+001
     979  1.610e+002  0.000e+000  0.000e+000
     980  1.610e+002  3.545e+000  7.483e-005
     981  1.611e+002  7.090e+000 -8.560e-004
     982  1.611e+002  1.063e+001  3.629e-004
     983  1.611e+002  1.418e+001 -6.887e-005
     984  1.611e+002  1.772e+001  1.355e-001
     985  1.612e+002  2.127e+001 -1.976e-002
     986  1.612e+002  2.454e+001  1.043e+000
     987  1.612e+002  2.498e+001  4.489e+000
     988  1.612e+002  2.501e+001  8.030e+000
     989  1.612e+002  2.500e+001  9.727e+000
     990  1.612e+002  2.500e+001  1.142e+001
     991  1.612e+002  2.500e+001  1.312e+001
     992  1.612e+002  2.500e+001  1.482e+001
     993  1.612e+002  2.500e+001  1.651e+001
     994  1.612e+002  2.500e+001  1.821e+001
     995  1.612e+002  2.500e+001  1.991e+001
     996  1.612e+002  2.500e+001  2.161e+001
     997  1.612e+002  2.500e+001  2.330e+001
     998  1.611e+002  2.500e+001  2.500e+001
     999  1.583e+002  0.000e+000  0.000e+000
    1000  1.583e+002  3.550e+000  1.262e-004
    1001  1.583e+002  7.099e+000 -1.233e-003
    1002  1.584e+002  1.065e+001  2.257e-004
    1003  1.584e+002  1.420e+001  3.620e-003
    1004  1.584e+002  1.774e+001  1.628e-001
    1005  1.584e+002  2.130e+001  5.401e-003
    1006  1.585e+002  2.455e+001  1.022e+000
    1007  1.585e+002  2.498e+001  4.484e+000
    1008  1.585e+002  2.501e+001  8.030e+000
    1009  1.584e+002  2.500e+001  9.727e+000
    1010  1.584e+002  2.500e+001  1.142e+001
    1011  1.584e+002  2.500e+001  1.312e+001
    1012  1.584e+002  2.500e+001  1.482e+001
    1013  1.584e+002  2.500e+001  1.651e+001
    1014  1.584e+002  2.500e+001  1.821e+001
    1015  1.584e+002  2.500e+001  1.991e+001
    1016  1.584e+002  2.500e+001  2.161e+001
    1017  1.584e+002  2.500e+001  2.330e+001
    1018  1.584e+002  2.500e+001  2.500e+001
    1019  1.556e+002  0.000e+000  0.000e+000
    1020  1.556e+002  3.555e+000  1.831e-004
    1021  1.556e+002  7.110e+000 -1.644e-003
    1022  1.556e+002  1.067e+001  5.967e-005
    1023  1.557e+002  1.422e+001  7.853e-003
    1024  1.557e+002  1.777e+001  1.911e-001
    1025  1.557e+002  2.134e+001  3.268e-002
    1026  1.557e+002  2.456e+001  9.977e-001
    1027  1.557e+002  2.498e+001  4.478e+000
    1028  1.557e+002  2.501e+001  8.030e+000
    1029  1.557e+002  2.500e+001  9.727e+000
    1030  1.557e+002  2.500e+001  1.142e+001
    1031  1.557e+002  2.500e+001  1.312e+001
    1032  1.557e+002  2.500e+001  1.482e+001
    1033  1.557e+002  2.500e+001  1.651e+001
    1034  1.557e+002  2.500e+001  1.821e+001
    1035  1.557e+002  2.500e+001  1.991e+001
    1036  1.557e+002  2.500e+001  2.161e+001
    1037  1.557e+002  2.500e+001  2.330e+001
    1038  1.557e+002  2.500e+001  2.500e+001
    1039  1.529e+002  0.000e+000  0.000e+000
    1040  1.529e+002  3.562e+000  2.440e-004
    1041  1.529e+002  7.123e+000 -2.080e-003
    1042  1.529e+002  1.068e+001 -1.280e-004
    1043  1.529e+002  1.425e+001  1.250e-002
    1044  1.529e+002  1.780e+001  2.201e-001
    1045  1.530e+002  2.138e+001  6.154e-002
    1046  1.530e+002  2.458e+001  9.698e-001
    1047  1.530e+002  2.498e+001  4.471e+000
    1048  1.530e+002  2.501e+001  8.030e+000
    1049  1.530e+002  2.500e+001  9.727e+000
    1050  1.530e+002  2.500e+001  1.142e+001
    1051  1.530e+002  2.500e+001  1.312e+001
    1052  1.530e+002  2.500e+001  1.482e+001
    1053  1.530e+002  2.500e+001  1.651e+001
    1054  1.530e+002  2.500e+001  1.821e+001
    1055  1.530e+002  2.500e+001  1.991e+001
    1056  1.530e+002  2.500e+001  2.161e+001
    1057  1.530e+002  2.500e+001  2.330e+001
    1058  1.530e+002  2.500e+001  2.500e+001
    1059  1.502e+002  0.000e+000  0.000e+000
    1060  1.502e+002  3.569e+000  3.077e-004
    1061  1.502e+002  7.137e+000 -2.534e-003
    1062  1.502e+002  1.071e+001 -3.300e-004
    1063  1.502e+002  1.427e+001  1.741e-002
    1064  1.502e+002  1.783e+001  2.495e-001
    1065  1.502e+002  2.142e+001  9.147e-002
    1066  1.502e+002  2.460e+001  9.398e-001
    1067  1.502e+002  2.498e+001  4.464e+000
    1068  1.502e+002  2.501e+001  8.030e+000
    1069  1.502e+002  2.500e+001  9.727e+000
    1070  1.502e+002  2.500e+001  1.142e+001
    1071  1.502e+002  2.500e+001  1.312e+001
    1072  1.502e+002  2.500e+001  1.482e+001
    1073  1.502e+002  2.500e+001  1.651e+001
    1074  1.502e+002  2.500e+001  1.821e+001
    1075  1.502e+002  2.500e+001  1.991e+001
    1076  1.502e+002  2.500e+001  2.161e+001
    1077  1.502e+002  2.500e+001  2.330e+001
    1078  1.502e+002  2.500e+001  2.500e+001
    1079  1.475e+002  0.000e+000  0.000e+000
    1080  1.475e+002  3.576e+000  3.727e-004
    1081  1.475e+002  7.151e+000 -2.997e-003
    1082  1.475e+002  1.073e+001 -5.393e-004
    1083  1.475e+002  1.430e+001  2.246e-002
    1084  1.475e+002  1.787e+001  2.792e-001
    1085  1.475e+002  2.147e+001  1.219e-001
    1086  1.475e+002  2.462e+001  9.088e-001
    1087  1.475e+002  2.497e+001  4.456e+000
    1088  1.475e+002  2.501e+001  8.030e+000
    1089  1.475e+002  2.500e+001  9.727e+000
    1090  1.475e+002  2.500e+001  1.142e+001
    1091  1.475e+002  2.500e+001  1.312e+001
    1092  1.475e+002  2.500e+001  1.482e+001
    1093  1.475e+002  2.500e+001  1.651e+001
    1094  1.475e+002  2.500e+001  1.821e+001
    1095  1.475e+002  2.500e+001  1.991e+001
    1096  1.475e+002  2.500e+001  2.161e+001
    1097  1.475e+002  2.500e+001  2.330e+001
    1098  1.475e+002  2.500e+001  2.500e+001
       1        1        2       12       11
       2        2        3       13       12
       3        3        4       14       13
       4        4        5       15       14
       5        5        6       16       15
       6        6        7       17       16
       7        7        8       18       17
       8        8        9       19       18
       9        9       10       20       19
      10       11       12       22       21
      11       12       13       23       22
      12       13       14       24       23
      13       14       15       25       24
      14       15       16       26       25
      15       16       17       27       26
      16       17       18       28       27
      17       18       19       29       28
      18       19       20       30       29
      19       21       22       32       31
      20       22       23       33       32
      21       23       24       34       33
      22       24       25       35       34
      23       25       26       36       35
      24       26       27       37       36
      25       27       28       38       37
      26       28       29       39       38
      27       29       30       40       39
      28       31       32       42       41
      29       32       33       43       42
      30       33       34       44       43
      31       34       35       45       44
      32       35       36       46       45
      33       36       37       47       46
      34       37       38       48       47
      35       38       39       49       48
      36       39       40       50       49
      37       41       42       52       51
      38       42       43       53       52
      39       43       44       54       53
      40       44       45       55       54
      41       45       46       56       55
      42       46       47       57       56
      43       47       48       58       57
      44       48       49       59       58
      45       49       50       60       59
      46       51       52       62       61
      47       52       53       63       62
      48       53       54       64       63
      49       54       55       65       64
      50       55       56       66       65
      51       56       57       67       66
      52       57       58       68       67
      53       58       59       69       68
      54       59       60       70       69
      55       61       62       72       71
      56       62       63       73       72
      57       63       64       74       73
      58       64       65       75       74
      59       65       66       76       75
      60       66       67       77       76
      61       67       68       78       77
      62       68       69       79       78
      63       69       70       80       79
      64       71       72       82       81
      65       72       73       83       82
      66       73       74       84       83
      67       74       75       85       84
      68       75       76       86       85
      69       76       77       87       86
      70       77       78       88       87
      71       78       79       89       88
      72       79       80       90       89
      73       81       82       92       91
      74       82       83       93       92
      75       83       84       94       93
      76       84       85       95       94
      77       85       86       96       95
      78       86       87       97       96
      79       87       88       98       97
      80       88       89       99       98
      81       89       90      100       99
      82       91      101      120      119
      83      101      102      121      120
      84      102      103      122      121
      85      103      104      123      122
      86      104      105      124      123
      87      105      106      125      124
      88      106      107      126      125
      89      107      108      127      126
      90      108      109      128      127
      91      109      110      129      128
      92      110      111      130      129
      93      111      112      131      130
      94      112      113      132      131
      95      113      114      133      132
      96      114      115      134      133
      97      115      116      135      134
      98      116      117      136      135
      99      117      118      137      136
     100      118      100      138      137
     101      119      120      140      139
     102      120      121      141      140
     103      121      122      142      141
     104      122      123      143      142
     105      123      124      144      143
     106      124      125      145      144
     107      125      126      146      145
     108      126      127      147      146
     109      127      128      148      147
     110      128      129      149      148
     111      129      130      150      149
     112      130      131      151      150
     113      131      132      152      151
     114      132      133      153      152
     115      133      134      154      153
     116      134      135      155      154
     117      135      136      156      155
     118      136      137      157      156
     119      137      138      158      157
     120      139      140      160      159
     121      140      141      161      160
     122      141      142      162      161
     123      142      143      163      162
     124      143      144      164      163
     125      144      145      165      164
     126      145      146      166      165
     127      146      147      167      166
     128      147      148      168      167
     129      148      149      169      168
     130      149      150      170      169
     131      150      151      171      170
     132      151      152      172      171
     133      152      153      173      172
     134      153      154      174      173
     135      154      155      175      174
     136      155      156      176      175
     137      156      157      177      176
     138      157      158      178      177
     139      159      160      180      179
     140      160      161      181      180
     141      161      162      182      181
     142      162      163      183      182
     143      163      164      184      183
     144      164      165      185      184
     145      165      166      186      185
     146      166      167      187      186
     147      167      168      188      187
     148      168      169      189      188
     149      169      170      190      189
     150      170      171      191      190
     151      171      172      192      191
     152      172      173      193      192
     153      173      174      194      193
     154      174      175      195      194
     155      175      176      196      195
     156      176      177      197      196
     157      177      178      198      197
     158      179      180      200      199
     159      180      181      201      200
     160      181      182      202      201
     161      182      183      203      202
     162      183      184      204      203
     163      184      185      205      204
     164      185      186      206      205
     165      186      187      207      206
     166      187      188      208      207
     167      188      189      209      208
     168      189      190      210      209
     169      190      191      211      210
     170      191      192      212      211
     171      192      193      213      212
     172      193      194      214      213
     173      194      195      215      214
     174      195      196      216      215
     175      196      197      217      216
     176      197      198      218      217
     177      199      200      220      219
     178      200      201      221      220
     179      201      202      222      221
     180      202      203      223      222
     181      203      204      224      223
     182      204      205      225      224
     183      205      206      226      225
     184      206      207      227      226
     185      207      208      228      227
     186      208      209      229      228
     187      209      210      230      229
     188      210      211      231      230
     189      211      212      232      231
     190      212      213      233      232
     191      213      214      234      233
     192      214      215      235      234
     193      215      216      236      235
     194      216      217      237      236
     195      217      218      238      237
     196      219      220      240      239
     197      220      221      241      240
     198      221      222      242      241
     199      222      223      243      242
     200      223      224      244      243
     201      224      225      245      244
     202      225      226      246      245
     203      226      227      247      246
     204      227      228      248      247
     205      228      229      249      248
     206      229      230      250      249
     207      230      231      251      250
     208      231      232      252      251
     209      232      233      253      252
     210      233      234      254      253
     211      234      235      255      254
     212      235      236      256      255
     213      236      237      257      256
     214      237      238      258      257
     215      239      240      260      259
     216      240      241      261      260
     217      241      242      262      261
     218      242      243      263      262
     219      243      244      264      263
     220      244      245      265      264
     221      245      246      266      265
     222      246      247      267      266
     223      247      248      268      267
     224      248      249      269      268
     225      249      250      270      269
     226      250      251      271      270
     227      251      252      272      271
     228      252      253      273      272
     229      253      254      274      273
     230      254      255      275      274
     231      255      256      276      275
     232      256      257      277      276
     233      257      258      278      277
     234      259      260      280      279
     235      260      261      281      280
     236      261      262      282      281
     237      262      263      283      282
     238      263      264      284      283
     239      264      265      285      284
     240      265      266      286      285
     241      266      267      287      286
     242      267      268      288      287
     243      268      269      289      288
     244      269      270      290      289
     245      270      271      291      290
     246      271      272      292      291
     247      272      273      293      292
     248      273      274      294      293
     249      274      275      295      294
     250      275      276      296      295
     251      276      277      297      296
     252      277      278      298      297
     253      279      280      300      299
     254      280      281      301      300
     255      281      282      302      301
     256      282      283      303      302
     257      283      284      304      303
     258      284      285      305      304
     259      285      286      306      305
     260      286      287      307      306
     261      287      288      308      307
     262      288      289      309      308
     263      289      290      310      309
     264      290      291      311      310
     265      291      292      312      311
     266      292      293      313      312
     267      293      294      314      313
     268      294      295      315      314
     269      295      296      316      315
     270      296      297      317      316
     271      297      298      318      317
     272      299      300      320      319
     273      300      301      321      320
     274      301      302      322      321
     275      302      303      323      322
     276      303      304      324      323
     277      304      305      325      324
     278      305      306      326      325
     279      306      307      327      326
     280      307      308      328      327
     281      308      309      329      328
     282      309      310      330      329
     283      310      311      331      330
     284      311      312      332      331
     285      312      313      333      332
     286      313      314      334      333
     287      314      315      335      334
     288      315      316      336      335
     289      316      317      337      336
     290      317      318      338      337
     291      319      320      340      339
     292      320      321      341      340
     293      321      322      342      341
     294      322      323      343      342
     295      323      324      344      343
     296      324      325      345      344
     297      325      326      346      345
     298      326      327      347      346
     299      327      328      348      347
     300      328      329      349      348
     301      329      330      350      349
     302      330      331      351      350
     303      331      332      352      351
     304      332      333      353      352
     305      333      334      354      353
     306      334      335      355      354
     307      335      336      356      355
     308      336      337      357      356
     309      337      338      358      357
     310      339      340      360      359
     311      340      341      361      360
     312      341      342      362      361
     313      342      343      363      362
     314      343      344      364      363
     315      344      345      365      364
     316      345      346      366      365
     317      346      347      367      366
     318      347      348      368      367
     319      348      349      369      368
     320      349      350      370      369
     321      350      351      371      370
     322      351      352      372      371
     323      352      353      373      372
     324      353      354      374      373
     325      354      355      375      374
     326      355      356      376      375
     327      356      357      377      376
     328      357      358      378      377
     329      359      360      380      379
     330      360      361      381      380
     331      361      362      382      381
     332      362      363      383      382
     333      363      364      384      383
     334      364      365      385      384
     335      365      366      386      385
     336      366      367      387      386
     337      367      368      388      387
     338      368      369      389      388
     339      369      370      390      389
     340      370      371      391      390
     341      371      372      392      391
     342      372      373      393      392
     343      373      374      394      393
     344      374      375      395      394
     345      375      376      396      395
     346      376      377      397      396
     347      377      378      398      397
     348      379      380      400      399
     349      380      381      401      400
     350      381      382      402      401
     351      382      383      403      402
     352      383      384      404      403
     353      384      385      405      404
     354      385      386      406      405
     355      386      387      407      406
     356      387      388      408      407
     357      388      389      409      408
     358      389      390      410      409
     359      390      391      411      410
     360      391      392      412      411
     361      392      393      413      412
     362      393      394      414      413
     363      394      395      415      414
     364      395      396      416      415
     365      396      397      417      416
     366      397      398      418      417
     367      399      400      420      419
     368      400      401      421      420
     369      401      402      422      421
     370      402      403      423      422
     371      403      404      424      423
     372      404      405      425      424
     373      405      406      426      425
     374      406      407      427      426
     375      407      408      428      427
     376      408      409      429      428
     377      409      410      430      429
     378      410      411      431      430
     379      411      412      432      431
     380      412      413      433      432
     381      413      414      434      433
     382      414      415      435      434
     383      415      416      436      435
     384      416      417      437      436
     385      417      418      438      437
     386      419      420      440      439
     387      420      421      441      440
     388      421      422      442      441
     389      422      423      443      442
     390      423      424      444      443
     391      424      425      445      444
     392      425      426      446      445
     393      426      427      447      446
     394      427      428      448      447
     395      428      429      449      448
     396      429      430      450      449
     397      430      431      451      450
     398      431      432      452      451
     399      432      433      453      452
     400      433      434      454      453
     401      434      435      455      454
     402      435      436      456      455
     403      436      437      457      456
     404      437      438      458      457
     405      439      440      460      459
     406      440      441      461      460
     407      441      442      462      461
     408      442      443      463      462
     409      443      444      464      463
     410      444      445      465      464
     411      445      446      466      465
     412      446      447      467      466
     413      447      448      468      467
     414      448      449      469      468
     415      449      450      470      469
     416      450      451      471      470
     417      451      452      472      471
     418      452      453      473      472
     419      453      454      474      473
     420      454      455      475      474
     421      455      456      476      475
     422      456      457      477      476
     423      457      458      478      477
     424      459      460      480      479
     425      460      461      481      480
     426      461      462      482      481
     427      462      463      483      482
     428      463      464      484      483
     429      464      465      485      484
     430      465      466      486      485
     431      466      467      487      486
     432      467      468      488      487
     433      468      469      489      488
     434      469      470      490      489
     435      470      471      491      490
     436      471      472      492      491
     437      472      473      493      492
     438      473      474      494      493
     439      474      475      495      494
     440      475      476      496      495
     441      476      477      497      496
     442      477      478      498      497
     443      479      480      500      499
     444      480      481      501      500
     445      481      482      502      501
     446      482      483      503      502
     447      483      484      504      503
     448      484      485      505      504
     449      485      486      506      505
     450      486      487      507      506
     451      487      488      508      507
     452      488      489      509      508
     453      489      490      510      509
     454      490      491      511      510
     455      491      492      512      511
     456      492      493      513      512
     457      493      494      514      513
     458      494      495      515      514
     459      495      496      516      515
     460      496      497      517      516
     461      497      498      518      517
     462      499      500      520      519
     463      500      501      521      520
     464      501      502      522      521
     465      502      503      523      522
     466      503      504      524      523
     467      504      505      525      524
     468      505      506      526      525
     469      506      507      527      526
     470      507      508      528      527
     471      508      509      529      528
     472      509      510      530      529
     473      510      511      531      530
     474      511      512      532      531
     475      512      513      533      532
     476      513      514      534      533
     477      514      515      535      534
     478      515      516      536      535
     479      516      517      537      536
     480      517      518      538      537
     481      519      520      540      539
     482      520      521      541      540
     483      521      522      542      541
     484      522      523      543      542
     485      523      524      544      543
     486      524      525      545      544
     487      525      526      546      545
     488      526      527      547      546
     489      527      528      548      547
     490      528      529      549      548
     491      529      530      550      549
     492      530      531      551      550
     493      531      532      552      551
     494      532      533      553      552
     495      533      534      554      553
     496      534      535      555      554
     497      535      536      556      555
     498      536      537      557      556
     499      537      538      558      557
     500      539      540      560      559
     501      540      541      561      560
     502      541      542      562      561
     503      542      543      563      562
     504      543      544      564      563
     505      544      545      565      564
     506      545      546      566      565
     507      546      547      567      566
     508      547      548      568      567
     509      548      549      569      568
     510      549      550      570      569
     511      550      551      571      570
     512      551      552      572      571
     513      552      553      573      572
     514      553      554      574      573
     515      554      555      575      574
     516      555      556      576      575
     517      556      557      577      576
     518      557      558      578      577
     519      559      560      580      579
     520      560      561      581      580
     521      561      562      582      581
     522      562      563      583      582
     523      563      564      584      583
     524      564      565      585      584
     525      565      566      586      585
     526      566      567      587      586
     527      567      568      588      587
     528      568      569      589      588
     529      569      570      590      589
     530      570      571      591      590
     531      571      572      592      591
     532      572      573      593      592
     533      573      574      594      593
     534      574      575      595      594
     535      575      576      596      595
     536      576      577      597      596
     537      577      578      598      597
     538      579      580      600      599
     539      580      581      601      600
     540      581      582      602      601
     541      582      583      603      602
     542      583      584      604      603
     543      584      585      605      604
     544      585      586      606      605
     545      586      587      607      606
     546      587      588      608      607
     547      588      589      609      608
     548      589      590      610      609
     549      590      591      611      610
     550      591      592      612      611
     551      592      593      613      612
     552      593      594      614      613
     553      594      595      615      614
     554      595      596      616      615
     555      596      597      617      616
     556      597      598      618      617
     557      599      600      620      619
     558      600      601      621      620
     559      601      602      622      621
     560      602      603      623      622
     561      603      604      624      623
     562      604      605      625      624
     563      605      606      626      625
     564      606      607      627      626
     565      607      608      628      627
     566      608      609      629      628
     567      609      610      630      629
     568      610      611      631      630
     569      611      612      632      631
     570      612      613      633      632
     571      613      614      634      633
     572      614      615      635      634
     573      615      616      636      635
     574      616      617      637      636
     575      617      618      638      637
     576      619      620      640      639
     577      620      621      641      640
     578      621      622      642      641
     579      622      623      643      642
     580      623      624      644      643
     581      624      625      645      644
     582      625      626      646      645
     583      626      627      647      646
     584      627      628      648      647
     585      628      629      649      648
     586      629      630      650      649
     587      630      631      651      650
     588      631      632      652      651
     589      632      633      653      652
     590      633      634      654      653
     591      634      635      655      654
     592      635      636      656      655
     593      636      637      657      656
     594      637      638      658      657
     595      639      640      660      659
     596      640      641      661      660
     597      641      642      662      661
     598      642      643      663      662
     599      643      644      664      663
     600      644      645      665      664
     601      645      646      666      665
     602      646      647      667      666
     603      647      648      668      667
     604      648      649      669      668
     605      649      650      670      669
     606      650      651      671      670
     607      651      652      672      671
     608      652      653      673      672
     609      653      654      674      673
     610      654      655      675      674
     611      655      656      676      675
     612      656      657      677      676
     613      657      658      678      677
     614      659      660      680      679
     615      660      661      681      680
     616      661      662      682      681
     617      662      663      683      682
     618      663      664      684      683
     619      664      665      685      684
     620      665      666      686      685
     621      666      667      687      686
     622      667      668      688      687
     623      668      669      689      688
     624      669      670      690      689
     625      670      671      691      690
     626      671      672      692      691
     627      672      673      693      692
     628      673      674      694      693
     629      674      675      695      694
     630      675      676      696      695
     631      676      677      697      696
     632      677      678      698      697
     633      679      680      700      699
     634      680      681      701      700
     635      681      682      702      701
     636      682      683      703      702
     637      683      684      704      703
     638      684      685      705      704
     639      685      686      706      705
     640      686      687      707      706
     641      687      688      708      707
     642      688      689      709      708
     643      689      690      710      709
     644      690      691      711      710
     645      691      692      712      711
     646      692      693      713      712
     647      693      694      714      713
     648      694      695      715      714
     649      695      696      716      715
     650      696      697      717      716
     651      697      698      718      717
     652      699      700      720      719
     653      700      701      721      720
     654      701      702      722      721
     655      702      703      723      722
     656      703      704      724      723
     657      704      705      725      724
     658      705      706      726      725
     659      706      707      727      726
     660      707      708      728      727
     661      708      709      729      728
     662      709      710      730      729
     663      710      711      731      730
     664      711      712      732      731
     665      712      713      733      732
     666      713      714      734      733
     667      714      715      735      734
     668      715      716      736      735
     669      716      717      737      736
     670      717      718      738      737
     671      719      720      740      739
     672      720      721      741      740
     673      721      722      742      741
     674      722      723      743      742
     675      723      724      744      743
     676      724      725      745      744
     677      725      726      746      745
     678      726      727      747      746
     679      727      728      748      747
     680      728      729      749      748
     681      729      730      750      749
     682      730      731      751      750
     683      731      732      752      751
     684      732      733      753      752
     685      733      734      754      753
     686      734      735      755      754
     687      735      736      756      755
     688      736      737      757      756
     689      737      738      758      757
     690      739      740      760      759
     691      740      741      761      760
     692      741      742      762      761
     693      742      743      763      762
     694      743      744      764      763
     695      744      745      765      764
     696      745      746      766      765
     697      746      747      767      766
     698      747      748      768      767
     699      748      749      769      768
     700      749      750      770      769
     701      750      751      771      770
     702      751      752      772      771
     703      752      753      773      772
     704      753      754      774      773
     705      754      755      775      774
     706      755      756      776      775
     707      756      757      777      776
     708      757      758      778      777
     709      759      760      780      779
     710      760      761      781      780
     711      761      762      782      781
     712      762      763      783      782
     713      763      764      784      783
     714      764      765      785      784
     715      765      766      786      785
     716      766      767      787      786
     717      767      768      788      787
     718      768      769      789      788
     719      769      770      790      789
     720      770      771      791      790
     721      771      772      792      791
     722      772      773      793      792
     723      773      774      794      793
     724      774      775      795      794
     725      775      776      796      795
     726      776      777      797      796
     727      777      778      798      797
     728      779      780      800      799
     729      780      781      801      800
     730      781      782      802      801
     731      782      783      803      802
     732      783      784      804      803
     733      784      785      805      804
     734      785      786      806      805
     735      786      787      807      806
     736      787      788      808      807
     737      788      789      809      808
     738      789      790      810      809
     739      790      791      811      810
     740      791      792      812      811
     741      792      793      813      812
     742      793      794      814      813
     743      794      795      815      814
     744      795      796      816      815
     745      796      797      817      816
     746      797      798      818      817
     747      799      800      820      819
     748      800      801      821      820
     749      801      802      822      821
     750      802      803      823      822
     751      803      804      824      823
     752      804      805      825      824
     753      805      806      826      825
     754      806      807      827      826
     755      807      808      828      827
     756      808      809      829      828
     757      809      810      830      829
     758      810      811      831      830
     759      811      812      832      831
     760      812      813      833      832
     761      813      814      834      833
     762      814      815      835      834
     763      815      816      836      835
     764      816      817      837      836
     765      817      818      838      837
     766      819      820      840      839
     767      820      821      841      840
     768      821      822      842      841
     769      822      823      843      842
     770      823      824      844      843
     771      824      825      845      844
     772      825      826      846      845
     773      826      827      847      846
     774      827      828      848      847
     775      828      829      849      848
     776      829      830      850      849
     777      830      831      851      850
     778      831      832      852      851
     779      832      833      853      852
     780      833      834      854      853
     781      834      835      855      854
     782      835      836      856      855
     783      836      837      857      856
     784      837      838      858      857
     785      839      840      860      859
     786      840      841      861      860
     787      841      842      862      861
     788      842      843      863      862
     789      843      844      864      863
     790      844      845      865      864
     791      845      846      866      865
     792      846      847      867      866
     793      847      848      868      867
     794      848      849      869      868
     795      849      850      870      869
     796      850      851      871      870
     797      851      852      872      871
     798      852      853      873      872
     799      853      854      874      873
     800      854      855      875      874
     801      855      856      876      875
     802      856      857      877      876
     803      857      858      878      877
     804      859      860      880      879
     805      860      861      881      880
     806      861      862      882      881
     807      862      863      883      882
     808      863      864      884      883
     809      864      865      885      884
     810      865      866      886      885
     811      866      867      887      886
     812      867      868      888      887
     813      868      869      889      888
     814      869      870      890      889
     815      870      871      891      890
     816      871      872      892      891
     817      872      873      893      892
     818      873      874      894      893
     819      874      875      895      894
     820      875      876      896      895
     821      876      877      897      896
     822      877      878      898      897
     823      879      880      900      899
     824      880      881      901      900
     825      881      882      902      901
     826      882      883      903      902
     827      883      884      904      903
     828      884      885      905      904
     829      885      886      906      905
     830      886      887      907      906
     831      887      888      908      907
     832      888      889      909      908
     833      889      890      910      909
     834      890      891      911      910
     835      891      892      912      911
     836      892      893      913      912
     837      893      894      914      913
     838      894      895      915      914
     839      895      896      916      915
     840      896      897      917      916
     841      897      898      918      917
     842      899      900      920      919
     843      900      901      921      920
     844      901      902      922      921
     845      902      903      923      922
     846      903      904      924      923
     847      904      905      925      924
     848      905      906      926      925
     849      906      907      927      926
     850      907      908      928      927
     851      908      909      929      928
     852      909      910      930      929
     853      910      911      931      930
     854      911      912      932      931
     855      912      913      933      932
     856      913      914      934      933
     857      914      915      935      934
     858      915      916      936      935
     859      916      917      937      936
     860      917      918      938      937
     861      919      920      940      939
     862      920      921      941      940
     863      921      922      942      941
     864      922      923      943      942
     865      923      924      944      943
     866      924      925      945      944
     867      925      926      946      945
     868      926      927      947      946
     869      927      928      948      947
     870      928      929      949      948
     871      929      930      950      949
     872      930      931      951      950
     873      931      932      952      951
     874      932      933      953      952
     875      933      934      954      953
     876      934      935      955      954
     877      935      936      956      955
     878      936      937      957      956
     879      937      938      958      957
     880      939      940      960      959
     881      940      941      961      960
     882      941      942      962      961
     883      942      943      963      962
     884      943      944      964      963
     885      944      945      965      964
     886      945      946      966      965
     887      946      947      967      966
     888      947      948      968      967
     889      948      949      969      968
     890      949      950      970      969
     891      950      951      971      970
     892      951      952      972      971
     893      952      953      973      972
     894      953      954      974      973
     895      954      955      975      974
     896      955      956      976      975
     897      956      957      977      976
     898      957      958      978      977
     899      959      960      980      979
     900      960      961      981      980
     901      961      962      982      981
     902      962      963      983      982
     903      963      964      984      983
     904      964      965      985      984
     905      965      966      986      985
     906      966      967      987      986
     907      967      968      988      987
     908      968      969      989      988
     909      969      970      990      989
     910      970      971      991      990
     911      971      972      992      991
     912      972      973      993      992
     913      973      974      994      993
     914      974      975      995      994
     915      975      976      996      995
     916      976      977      997      996
     917      977      978      998      997
     918      979      980     1000      999
     919      980      981     1001     1000
     920      981      982     1002     1001
     921      982      983     1003     1002
     922      983      984     1004     1003
     923      984      985     1005     1004
     924      985      986     1006     1005
     925      986      987     1007     1006
     926      987      988     1008     1007
     927      988      989     1009     1008
     928      989      990     1010     1009
     929      990      991     1011     1010
     930      991      992     1012     1011
     931      992      993     1013     1012
     932      993      994     1014     1013
     933      994      995     1015     1014
     934      995      996     1016     1015
     935      996      997     1017     1016
     936      997      998     1018     1017
     937      999     1000     1020     1019
     938     1000     1001     1021     1020
     939     1001     1002     1022     1021
     940     1002     1003     1023     1022
     941     1003     1004     1024     1023
     942     1004     1005     1025     1024
     943     1005     1006     1026     1025
     944     1006     1007     1027     1026
     945     1007     1008     1028     1027
     946     1008     1009     1029     1028
     947     1009     1010     1030     1029
     948     1010     1011     1031     1030
     949     1011     1012     1032     1031
     950     1012     1013     1033     1032
     951     1013     1014     1034     1033
     952     1014     1015     1035     1034
     953     1015     1016     1036     1035
     954     1016     1017     1037     1036
     955     1017     1018     1038     1037
     956     1019     1020     1040     1039
     957     1020     1021     1041     1040
     958     1021     1022     1042     1041
     959     1022     1023     1043     1042
     960     1023     1024     1044     1043
     961     1024     1025     1045     1044
     962     1025     1026     1046     1045
     963     1026     1027     1047     1046
     964     1027     1028     1048     1047
     965     1028     1029     1049     1048
     966     1029     1030     1050     1049
     967     1030     1031     1051     1050
     968     1031     1032     1052     1051
     969     1032     1033     1053     1052
     970     1033     1034     1054     1053
     971     1034     1035     1055     1054
     972     1035     1036     1056     1055
     973     1036     1037     1057     1056
     974     1037     1038     1058     1057
     975     1039     1040     1060     1059
     976     1040     1041     1061     1060
     977     1041     1042     1062     1061
     978     1042     1043     1063     1062
     979     1043     1044     1064     1063
     980     1044     1045     1065     1064
     981     1045     1046     1066     1065
     982     1046     1047     1067     1066
     983     1047     1048     1068     1067
     984     1048     1049     1069     1068
     985     1049     1050     1070     1069
     986     1050     1051     1071     1070
     987     1051     1052     1072     1071
     988     1052     1053     1073     1072
     989     1053     1054     1074     1073
     990     1054     1055     1075     1074
     991     1055     1056     1076     1075
     992     1056     1057     1077     1076
     993     1057     1058     1078     1077
     994     1059     1060     1080     1079
     995     1060     1061     1081     1080
     996     1061     1062     1082     1081
     997     1062     1063     1083     1082
     998     1063     1064     1084     1083
     999     1064     1065     1085     1084
    1000     1065     1066     1086     1085
    1001     1066     1067     1087     1086
    1002     1067     1068     1088     1087
    1003     1068     1069     1089     1088
    1004     1069     1070     1090     1089
    1005     1070     1071     1091     1090
    1006     1071     1072     1092     1091
    1007     1072     1073     1093     1092
    1008     1073     1074     1094     1093
    1009     1074     1075     1095     1094
    1010     1075     1076     1096     1095
    1011     1076     1077     1097     1096
    1012     1077     1078     1098     1097
