JOB WALAS
"nodeElement_walas_fullLoad.wet"
"nodeElement_walas_fullLoad.dry"
"node_walas_fullLoad.modal"
"element_walas_fullLoad.modal"
"element_walas_fullLoad.dudx"
"ship_fullLoad_nodeElement_free.wet"
"ship_fullLoad_nodeElement_control.wet"
"ship_fullLoad_slmParam.ini"
295         18.1        1           1           1           0           0           -3          3           0.1         
152.73       0           8.03        
8.501e+10   1.258e+12   1.34e+12     0           0           0           
0           0           0           0
7.614       1025        9.81        
1           200.0
0           40          
0.05       2.0      
1           1           
180       
100         
0           0           4           
0           1
0.03        0.03        0.03          0.03           0.03        0.03          
0.0433      0.0433      0.0433        0.0433        
40          
1.813e+06   7.375e+00   1.750e+01   8.030e+00   0
9.778e+05   2.212e+01   1.750e+01   8.030e+00   0   
3.834e+06   3.688e+01   1.750e+01   8.030e+00   0  
6.760e+06   5.162e+01   1.750e+01   8.030e+00   0   
7.610e+06   6.638e+01   1.750e+01   8.030e+00   0   
7.557e+06   8.112e+01   1.750e+01   8.030e+00   0   
7.138e+06   9.588e+01   1.750e+01   8.030e+00   0   
7.081e+06   1.106e+02   1.750e+01   8.030e+00   0   
6.852e+06   1.254e+02   1.750e+01   8.030e+00   0   
7.048e+06   1.401e+02   1.750e+01   8.030e+00   0   
6.872e+06   1.549e+02   1.750e+01   8.030e+00   0   
6.964e+06   1.696e+02   1.750e+01   8.030e+00   0   
6.951e+06   1.844e+02   1.750e+01   8.030e+00   0   
6.844e+06   1.991e+02   1.750e+01   8.030e+00   0   
6.997e+06   2.139e+02   1.750e+01   8.030e+00   0   
6.787e+06   2.286e+02   1.750e+01   8.030e+00   0   
6.998e+06   2.434e+02   1.750e+01   8.030e+00   0   
6.488e+06   2.581e+02   1.750e+01   8.030e+00   0   
5.034e+06   2.729e+02   1.750e+01   8.030e+00   0   
1.201e+06   2.876e+02   1.750e+01   8.030e+00   0   
1.813e+06   7.375e+00   -1.750e+01  8.030e+00   0   
9.778e+05   2.212e+01   -1.750e+01  8.030e+00   0   
3.834e+06   3.688e+01   -1.750e+01  8.030e+00   0   
6.760e+06   5.162e+01   -1.750e+01  8.030e+00   0   
7.610e+06   6.638e+01   -1.750e+01  8.030e+00   0   
7.557e+06   8.112e+01   -1.750e+01  8.030e+00   0   
7.138e+06   9.588e+01   -1.750e+01  8.030e+00   0   
7.081e+06   1.106e+02   -1.750e+01  8.030e+00   0   
6.852e+06   1.254e+02   -1.750e+01  8.030e+00   0   
7.048e+06   1.401e+02   -1.750e+01  8.030e+00   0   
6.872e+06   1.549e+02   -1.750e+01  8.030e+00   0   
6.964e+06   1.696e+02   -1.750e+01  8.030e+00   0   
6.951e+06   1.844e+02   -1.750e+01  8.030e+00   0   
6.844e+06   1.991e+02   -1.750e+01  8.030e+00   0   
6.997e+06   2.139e+02   -1.750e+01  8.030e+00   0   
6.787e+06   2.286e+02   -1.750e+01  8.030e+00   0   
6.998e+06   2.434e+02   -1.750e+01  8.030e+00   0   
6.488e+06   2.581e+02   -1.750e+01  8.030e+00   0   
5.034e+06   2.729e+02   -1.750e+01  8.030e+00   0   
1.201e+06   2.876e+02   -1.750e+01  8.030e+00   0   
3       -1
80.0    0.     15.0
152.73  0.     15.0
230     0.     15.0  
SPRINGER
0
5e5      5e6       0           0           0           1e10 
