JOB WALAS
"nodeElement_walas_ballast.wet"
"nodeElement_walas_ballast.dry"
"node_walas_ballast.modal"
"element_walas_ballast.modal"
"element_walas_ballast.dudx"
"ship_ballast_nodeElement_free.wet"
"ship_ballast_nodeElement_control.wet"
"ship_ballast_slmParam.ini"
295         7.12        1           1           1           0           0           -3          3           0.1         
205.8       0           12.77        
2.886e+10   8.14e11     8.43e+11     0           0           0           
0           0           0           0
7.614       1025        9.81        
1           200.0
0           40          
0.05       2.0         
1           1           
180       
100         
0           0           4           
0           1
0.03        0.03        0.03          0.03           0.03        0.03          
0.0347      0.0347      0.0347        0.0347        
20
3.610E+06	10.975 	0.000 	12.770 	1.44E+09
1.873E+06	29.074 	0.000 	12.770 	1.44E+09
2.650E+06	47.598 	0.000 	12.770 	1.44E+09
2.609E+06	68.682 	0.000 	12.770 	1.44E+09
2.699E+06	87.212 	0.000 	12.770 	1.44E+09
2.717E+06	105.843 	0.000 	12.770 	1.44E+09
4.645E+06	125.700 	0.000 	12.770 	1.44E+09
5.589E+06	145.019 	0.000 	12.770 	1.44E+09
5.587E+06	163.971 	0.000 	12.770 	1.44E+09
5.578E+06	183.795 	0.000 	12.770 	1.44E+09
5.547E+06	202.705 	0.000 	12.770 	1.44E+09
5.529E+06	221.614 	0.000 	12.770 	1.44E+09
5.512E+06	241.437 	0.000 	12.770 	1.44E+09
5.501E+06	261.251 	0.000 	12.770 	1.44E+09
5.433E+06	279.133 	0.000 	12.770 	1.44E+09
5.353E+06	299.312 	0.000 	12.770 	1.44E+09
5.230E+06	318.137 	0.000 	12.770 	1.44E+09
4.704E+06	336.625 	0.000 	12.770 	1.44E+09
3.381E+06	356.417 	0.000 	12.770 	1.44E+09
1.676E+06	379.259 	0.000 	12.770 	1.44E+09
3       -1
80.0    0.     15.0
152.73  0.     15.0
230     0.     15.0 
SPRING
0
5e5      5e6       0           0           0           1e10 
RUDDER-PID
0
180.  -10.0    7.0   3.0    3.0    -0.0   -3.0   
SECOND-ORDER-FORCE
1           0           0           
0           0  