NODE    ELEM     MODAL
100      99       7    
MODAL No:        1
NODE(ELEM) No             Z1                                  Z2                                 MID
       1  1.129e-009 -1.129e-009 -1.129e-009  1.129e-009 -3.428e-007  3.428e-007  3.428e-007 -3.428e-007 -1.001e-007
       2 -3.478e-007  3.478e-007  3.478e-007 -3.478e-007 -6.585e-007  6.585e-007  6.585e-007 -6.585e-007 -3.086e-007
       3 -6.578e-007  6.578e-007  6.578e-007 -6.578e-007 -4.413e-007  4.413e-007  4.413e-007 -4.413e-007 -5.641e-007
       4 -4.410e-007  4.410e-007  4.410e-007 -4.410e-007  1.778e-007 -1.778e-007 -1.778e-007  1.778e-007 -8.848e-007
       5  1.745e-007 -1.745e-007 -1.745e-007  1.745e-007  1.254e-006 -1.254e-006 -1.254e-006  1.254e-006 -1.140e-006
       6  1.255e-006 -1.255e-006 -1.255e-006  1.255e-006  1.847e-006 -1.847e-006 -1.847e-006  1.847e-006 -1.356e-006
       7  1.846e-006 -1.846e-006 -1.846e-006  1.846e-006  1.761e-006 -1.761e-006 -1.761e-006  1.761e-006 -1.544e-006
       8  1.763e-006 -1.763e-006 -1.763e-006  1.763e-006  9.541e-007 -9.541e-007 -9.541e-007  9.541e-007 -1.750e-006
       9  9.537e-007 -9.537e-007 -9.537e-007  9.537e-007 -1.207e-007  1.207e-007  1.207e-007 -1.207e-007 -1.987e-006
      10 -1.197e-007  1.197e-007  1.197e-007 -1.197e-007 -9.126e-007  9.126e-007  9.126e-007 -9.126e-007 -2.241e-006
      11 -9.136e-007  9.136e-007  9.136e-007 -9.136e-007 -1.475e-006  1.475e-006  1.475e-006 -1.475e-006 -2.478e-006
      12 -1.475e-006  1.475e-006  1.475e-006 -1.475e-006 -1.440e-006  1.440e-006  1.440e-006 -1.440e-006 -2.652e-006
      13 -1.441e-006  1.441e-006  1.441e-006 -1.441e-006 -1.344e-006  1.344e-006  1.344e-006 -1.344e-006 -2.751e-006
      14 -1.344e-006  1.344e-006  1.344e-006 -1.344e-006 -9.230e-007  9.230e-007  9.230e-007 -9.230e-007 -2.713e-006
      15 -9.238e-007  9.238e-007  9.238e-007 -9.238e-007  3.297e-007 -3.297e-007 -3.297e-007  3.297e-007 -2.583e-006
      16  2.849e-007 -2.849e-007 -2.849e-007  2.849e-007  1.288e-006 -1.288e-006 -1.288e-006  1.288e-006 -1.920e-006
      17  1.286e-006 -1.286e-006 -1.286e-006  1.286e-006  1.641e-006 -1.641e-006 -1.641e-006  1.641e-006 -1.111e-006
      18  1.643e-006 -1.643e-006 -1.643e-006  1.643e-006  2.598e-006 -2.598e-006 -2.598e-006  2.598e-006 -2.701e-007
      19  2.602e-006 -2.602e-006 -2.602e-006  2.602e-006  2.491e-007 -2.491e-007 -2.491e-007  2.491e-007  2.745e-007
      20  2.485e-007 -2.485e-007 -2.485e-007  2.485e-007 -1.193e-006  1.193e-006  1.193e-006 -1.193e-006  7.862e-007
      21 -1.194e-006  1.194e-006  1.194e-006 -1.194e-006 -1.220e-006  1.220e-006  1.220e-006 -1.220e-006  9.916e-007
      22 -1.222e-006  1.222e-006  1.222e-006 -1.222e-006 -1.165e-006  1.165e-006  1.165e-006 -1.165e-006  1.346e-006
      23 -1.165e-006  1.165e-006  1.165e-006 -1.165e-006 -1.444e-006  1.444e-006  1.444e-006 -1.444e-006  1.752e-006
      24 -1.444e-006  1.444e-006  1.444e-006 -1.444e-006  2.133e-007 -2.133e-007 -2.133e-007  2.133e-007  1.869e-006
      25  2.109e-007 -2.109e-007 -2.109e-007  2.109e-007  1.330e-006 -1.330e-006 -1.330e-006  1.330e-006  1.939e-006
      26  1.159e-006 -1.159e-006 -1.159e-006  1.159e-006  2.945e-006 -2.945e-006 -2.945e-006  2.945e-006  1.713e-006
      27  2.946e-006 -2.946e-006 -2.946e-006  2.946e-006  1.351e-006 -1.351e-006 -1.351e-006  1.351e-006  1.672e-006
      28  1.352e-006 -1.352e-006 -1.352e-006  1.352e-006 -1.796e-006  1.796e-006  1.796e-006 -1.796e-006  1.579e-006
      29 -1.797e-006  1.797e-006  1.797e-006 -1.797e-006 -2.824e-006  2.824e-006  2.824e-006 -2.824e-006  1.594e-006
      30 -2.824e-006  2.824e-006  2.824e-006 -2.824e-006 -1.470e-006  1.470e-006  1.470e-006 -1.470e-006  1.425e-006
      31 -1.469e-006  1.469e-006  1.469e-006 -1.469e-006 -1.603e-007  1.603e-007  1.603e-007 -1.603e-007  9.520e-007
      32 -1.605e-007  1.605e-007  1.605e-007 -1.605e-007  2.567e-006 -2.567e-006 -2.567e-006  2.567e-006  5.890e-007
      33  2.567e-006 -2.567e-006 -2.567e-006  2.567e-006  3.876e-006 -3.876e-006 -3.876e-006  3.876e-006  2.698e-007
      34  3.877e-006 -3.877e-006 -3.877e-006  3.877e-006  3.583e-006 -3.583e-006 -3.583e-006  3.583e-006  5.644e-008
      35  3.582e-006 -3.582e-006 -3.582e-006  3.582e-006  7.534e-007 -7.534e-007 -7.534e-007  7.534e-007 -1.855e-007
      36  6.681e-007 -6.681e-007 -6.681e-007  6.681e-007 -2.640e-006  2.640e-006  2.640e-006 -2.640e-006 -7.108e-007
      37 -2.640e-006  2.640e-006  2.640e-006 -2.640e-006 -4.344e-006  4.344e-006  4.344e-006 -4.344e-006 -1.177e-006
      38 -4.345e-006  4.345e-006  4.345e-006 -4.345e-006 -4.188e-006  4.188e-006  4.188e-006 -4.188e-006 -1.509e-006
      39 -4.188e-006  4.188e-006  4.188e-006 -4.188e-006 -3.056e-006  3.056e-006  3.056e-006 -3.056e-006 -2.048e-006
      40 -3.057e-006  3.057e-006  3.057e-006 -3.057e-006 -9.595e-007  9.595e-007  9.595e-007 -9.595e-007 -2.391e-006
      41 -9.590e-007  9.590e-007  9.590e-007 -9.590e-007  2.119e-006 -2.119e-006 -2.119e-006  2.119e-006 -2.539e-006
      42  2.119e-006 -2.119e-006 -2.119e-006  2.119e-006  4.889e-006 -4.889e-006 -4.889e-006  4.889e-006 -2.109e-006
      43  4.889e-006 -4.889e-006 -4.889e-006  4.889e-006  4.960e-006 -4.960e-006 -4.960e-006  4.960e-006 -1.222e-006
      44  4.960e-006 -4.960e-006 -4.960e-006  4.960e-006  3.726e-006 -3.726e-006 -3.726e-006  3.726e-006 -4.707e-007
      45  3.725e-006 -3.725e-006 -3.725e-006  3.725e-006  6.814e-007 -6.814e-007 -6.814e-007  6.814e-007  4.307e-007
      46  6.809e-007 -6.809e-007 -6.809e-007  6.809e-007 -1.930e-006  1.930e-006  1.930e-006 -1.930e-006  1.531e-006
      47 -1.929e-006  1.929e-006  1.929e-006 -1.929e-006 -3.625e-006  3.625e-006  3.625e-006 -3.625e-006  2.398e-006
      48 -3.624e-006  3.624e-006  3.624e-006 -3.624e-006 -3.216e-006  3.216e-006  3.216e-006 -3.216e-006  2.865e-006
      49 -3.216e-006  3.216e-006  3.216e-006 -3.216e-006 -2.702e-006  2.702e-006  2.702e-006 -2.702e-006  2.784e-006
      50 -2.702e-006  2.702e-006  2.702e-006 -2.702e-006 -1.086e-006  1.086e-006  1.086e-006 -1.086e-006  2.503e-006
      51 -1.086e-006  1.086e-006  1.086e-006 -1.086e-006  5.564e-007 -5.564e-007 -5.564e-007  5.564e-007  2.067e-006
      52  5.564e-007 -5.564e-007 -5.564e-007  5.564e-007  1.750e-006 -1.750e-006 -1.750e-006  1.750e-006  1.121e-006
      53  1.750e-006 -1.750e-006 -1.750e-006  1.750e-006  2.558e-006 -2.558e-006 -2.558e-006  2.558e-006  1.010e-007
      54  2.558e-006 -2.558e-006 -2.558e-006  2.558e-006  1.138e-006 -1.138e-006 -1.138e-006  1.138e-006 -6.302e-007
      55  1.139e-006 -1.139e-006 -1.139e-006  1.139e-006 -2.181e-007  2.181e-007  2.181e-007 -2.181e-007 -1.232e-006
      56 -2.176e-007  2.176e-007  2.176e-007 -2.176e-007  2.134e-007 -2.134e-007 -2.134e-007  2.134e-007 -1.301e-006
      57  2.134e-007 -2.134e-007 -2.134e-007  2.134e-007  6.353e-007 -6.353e-007 -6.353e-007  6.353e-007 -1.521e-006
      58  6.345e-007 -6.345e-007 -6.345e-007  6.345e-007 -4.654e-007  4.654e-007  4.654e-007 -4.654e-007 -1.540e-006
      59 -4.654e-007  4.654e-007  4.654e-007 -4.654e-007 -5.446e-007  5.446e-007  5.446e-007 -5.446e-007 -1.543e-006
      60 -5.448e-007  5.448e-007  5.448e-007 -5.448e-007  1.478e-007 -1.478e-007 -1.478e-007  1.478e-007 -1.549e-006
      61  1.477e-007 -1.477e-007 -1.477e-007  1.477e-007  1.067e-008 -1.067e-008 -1.067e-008  1.067e-008 -1.529e-006
      62  1.098e-008 -1.098e-008 -1.098e-008  1.098e-008 -1.085e-006  1.085e-006  1.085e-006 -1.085e-006 -1.673e-006
      63 -1.085e-006  1.085e-006  1.085e-006 -1.085e-006 -1.047e-006  1.047e-006  1.047e-006 -1.047e-006 -1.788e-006
      64 -1.047e-006  1.047e-006  1.047e-006 -1.047e-006  5.993e-007 -5.993e-007 -5.993e-007  5.993e-007 -1.633e-006
      65  5.993e-007 -5.993e-007 -5.993e-007  5.993e-007  2.012e-006 -2.012e-006 -2.012e-006  2.012e-006 -1.424e-006
      66  2.013e-006 -2.013e-006 -2.013e-006  2.013e-006  1.515e-006 -1.515e-006 -1.515e-006  1.515e-006 -1.475e-006
      67  1.514e-006 -1.514e-006 -1.514e-006  1.514e-006 -1.013e-006  1.013e-006  1.013e-006 -1.013e-006 -1.493e-006
      68 -1.013e-006  1.013e-006  1.013e-006 -1.013e-006 -2.897e-006  2.897e-006  2.897e-006 -2.897e-006 -1.066e-006
      69 -2.898e-006  2.898e-006  2.898e-006 -2.898e-006 -2.591e-006  2.591e-006  2.591e-006 -2.591e-006 -6.909e-007
      70 -2.591e-006  2.591e-006  2.591e-006 -2.591e-006 -5.153e-007  5.153e-007  5.153e-007 -5.153e-007  1.141e-007
      71 -5.153e-007  5.153e-007  5.153e-007 -5.153e-007  1.673e-006 -1.673e-006 -1.673e-006  1.673e-006  1.011e-006
      72  1.673e-006 -1.673e-006 -1.673e-006  1.673e-006  2.687e-006 -2.687e-006 -2.687e-006  2.687e-006  1.660e-006
      73  2.687e-006 -2.687e-006 -2.687e-006  2.687e-006  2.284e-006 -2.284e-006 -2.284e-006  2.284e-006  2.062e-006
      74  2.284e-006 -2.284e-006 -2.284e-006  2.284e-006  1.121e-006 -1.121e-006 -1.121e-006  1.121e-006  2.179e-006
      75  1.251e-006 -1.251e-006 -1.251e-006  1.251e-006 -4.380e-007  4.380e-007  4.380e-007 -4.380e-007  2.586e-006
      76 -4.381e-007  4.381e-007  4.381e-007 -4.381e-007 -4.731e-007  4.731e-007  4.731e-007 -4.731e-007  2.785e-006
      77 -4.733e-007  4.733e-007  4.733e-007 -4.733e-007  7.163e-007 -7.163e-007 -7.163e-007  7.163e-007  2.838e-006
      78  7.167e-007 -7.167e-007 -7.167e-007  7.167e-007 -9.070e-007  9.070e-007  9.070e-007 -9.070e-007  2.948e-006
      79 -9.070e-007  9.070e-007  9.070e-007 -9.070e-007 -2.690e-006  2.690e-006  2.690e-006 -2.690e-006  3.041e-006
      80 -2.690e-006  2.690e-006  2.690e-006 -2.690e-006 -3.124e-006  3.124e-006  3.124e-006 -3.124e-006  3.093e-006
      81 -3.123e-006  3.123e-006  3.123e-006 -3.123e-006 -1.778e-006  1.778e-006  1.778e-006 -1.778e-006  2.694e-006
      82 -1.779e-006  1.779e-006  1.779e-006 -1.779e-006  6.424e-007 -6.424e-007 -6.424e-007  6.424e-007  2.174e-006
      83  6.423e-007 -6.423e-007 -6.423e-007  6.423e-007  1.984e-006 -1.984e-006 -1.984e-006  1.984e-006  1.516e-006
      84  1.984e-006 -1.984e-006 -1.984e-006  1.984e-006  1.338e-006 -1.338e-006 -1.338e-006  1.338e-006  2.829e-007
      85  1.646e-006 -1.646e-006 -1.646e-006  1.646e-006  1.265e-006 -1.265e-006 -1.265e-006  1.265e-006 -8.707e-007
      86  1.265e-006 -1.265e-006 -1.265e-006  1.265e-006  1.229e-006 -1.229e-006 -1.229e-006  1.229e-006 -1.534e-006
      87  1.230e-006 -1.230e-006 -1.230e-006  1.230e-006  1.030e-006 -1.030e-006 -1.030e-006  1.030e-006 -1.981e-006
      88  1.030e-006 -1.030e-006 -1.030e-006  1.030e-006  9.581e-007 -9.581e-007 -9.581e-007  9.581e-007 -2.209e-006
      89  9.563e-007 -9.563e-007 -9.563e-007  9.563e-007  6.608e-007 -6.608e-007 -6.608e-007  6.608e-007 -2.646e-006
      90  6.604e-007 -6.604e-007 -6.604e-007  6.604e-007 -1.487e-007  1.487e-007  1.487e-007 -1.487e-007 -3.242e-006
      91 -1.489e-007  1.489e-007  1.489e-007 -1.489e-007 -1.973e-006  1.973e-006  1.973e-006 -1.973e-006 -3.688e-006
      92 -1.972e-006  1.972e-006  1.972e-006 -1.972e-006 -2.634e-006  2.634e-006  2.634e-006 -2.634e-006 -3.778e-006
      93 -2.635e-006  2.635e-006  2.635e-006 -2.635e-006 -1.867e-006  1.867e-006  1.867e-006 -1.867e-006 -3.661e-006
      94 -1.865e-006  1.865e-006  1.865e-006 -1.865e-006 -6.987e-007  6.987e-007  6.987e-007 -6.987e-007 -3.281e-006
      95 -6.995e-007  6.995e-007  6.995e-007 -6.995e-007  4.843e-007 -4.843e-007 -4.843e-007  4.843e-007 -2.724e-006
      96  4.853e-007 -4.853e-007 -4.853e-007  4.853e-007  4.051e-007 -4.051e-007 -4.051e-007  4.051e-007 -1.912e-006
      97  4.043e-007 -4.043e-007 -4.043e-007  4.043e-007 -5.106e-007  5.106e-007  5.106e-007 -5.106e-007 -1.192e-006
      98 -5.125e-007  5.125e-007  5.125e-007 -5.125e-007 -6.298e-007  6.298e-007  6.298e-007 -6.298e-007 -5.574e-007
      99 -6.291e-007  6.291e-007  6.291e-007 -6.291e-007 -1.441e-009  1.441e-009  1.441e-009 -1.441e-009 -1.198e-007
MODAL No:        2
NODE(ELEM) No             Z1                                  Z2                                 MID
       1  7.058e-010 -7.058e-010 -7.058e-010  7.058e-010 -1.411e-007  1.411e-007  1.411e-007 -1.411e-007  6.417e-009
       2 -1.438e-007  1.438e-007  1.438e-007 -1.438e-007 -4.432e-007  4.432e-007  4.432e-007 -4.432e-007  2.364e-008
       3 -4.423e-007  4.423e-007  4.423e-007 -4.423e-007 -7.154e-007  7.154e-007  7.154e-007 -7.154e-007  5.757e-008
       4 -7.160e-007  7.160e-007  7.160e-007 -7.160e-007 -8.586e-007  8.586e-007  8.586e-007 -8.586e-007  9.137e-008
       5 -8.590e-007  8.590e-007  8.590e-007 -8.590e-007 -7.941e-007  7.941e-007  7.941e-007 -7.941e-007  1.372e-007
       6 -7.940e-007  7.940e-007  7.940e-007 -7.940e-007 -5.529e-007  5.529e-007  5.529e-007 -5.529e-007  1.852e-007
       7 -5.518e-007  5.518e-007  5.518e-007 -5.518e-007 -2.193e-007  2.193e-007  2.193e-007 -2.193e-007  2.237e-007
       8 -2.197e-007  2.197e-007  2.197e-007 -2.197e-007  1.780e-007 -1.780e-007 -1.780e-007  1.780e-007  2.453e-007
       9  1.773e-007 -1.773e-007 -1.773e-007  1.773e-007  5.263e-007 -5.263e-007 -5.263e-007  5.263e-007  2.437e-007
      10  5.266e-007 -5.266e-007 -5.266e-007  5.266e-007  7.509e-007 -7.509e-007 -7.509e-007  7.509e-007  2.275e-007
      11  7.508e-007 -7.508e-007 -7.508e-007  7.508e-007  7.351e-007 -7.351e-007 -7.351e-007  7.351e-007  2.100e-007
      12  7.358e-007 -7.358e-007 -7.358e-007  7.358e-007  4.580e-007 -4.580e-007 -4.580e-007  4.580e-007  1.859e-007
      13  4.575e-007 -4.575e-007 -4.575e-007  4.575e-007  1.356e-008 -1.356e-008 -1.356e-008  1.356e-008  1.526e-007
      14  1.438e-008 -1.438e-008 -1.438e-008  1.438e-008 -4.517e-007  4.517e-007  4.517e-007 -4.517e-007  1.226e-007
      15 -4.522e-007  4.522e-007  4.522e-007 -4.522e-007 -7.263e-007  7.263e-007  7.263e-007 -7.263e-007  1.049e-007
      16 -6.290e-007  6.290e-007  6.290e-007 -6.290e-007 -5.893e-007  5.893e-007  5.893e-007 -5.893e-007  8.489e-008
      17 -5.894e-007  5.894e-007  5.894e-007 -5.894e-007 -3.104e-007  3.104e-007  3.104e-007 -3.104e-007  1.020e-007
      18 -3.102e-007  3.102e-007  3.102e-007 -3.102e-007  6.979e-008 -6.979e-008 -6.979e-008  6.979e-008  8.348e-008
      19  7.021e-008 -7.021e-008 -7.021e-008  7.021e-008  2.858e-007 -2.858e-007 -2.858e-007  2.858e-007  1.490e-009
      20  2.851e-007 -2.851e-007 -2.851e-007  2.851e-007  6.927e-007 -6.927e-007 -6.927e-007  6.927e-007 -6.598e-009
      21  6.932e-007 -6.932e-007 -6.932e-007  6.932e-007  5.627e-007 -5.627e-007 -5.627e-007  5.627e-007 -4.298e-008
      22  5.621e-007 -5.621e-007 -5.621e-007  5.621e-007  1.078e-007 -1.078e-007 -1.078e-007  1.078e-007 -6.905e-008
      23  1.082e-007 -1.082e-007 -1.082e-007  1.082e-007 -4.905e-007  4.905e-007  4.905e-007 -4.905e-007 -1.161e-007
      24 -4.901e-007  4.901e-007  4.901e-007 -4.901e-007 -5.899e-007  5.899e-007  5.899e-007 -5.899e-007 -1.542e-007
      25 -5.906e-007  5.906e-007  5.906e-007 -5.906e-007 -3.012e-007  3.012e-007  3.012e-007 -3.012e-007 -1.596e-007
      26 -2.623e-007  2.623e-007  2.623e-007 -2.623e-007  4.180e-008 -4.180e-008 -4.180e-008  4.180e-008 -1.050e-007
      27  4.192e-008 -4.192e-008 -4.192e-008  4.192e-008  2.556e-007 -2.556e-007 -2.556e-007  2.556e-007 -3.261e-008
      28  2.556e-007 -2.556e-007 -2.556e-007  2.556e-007  3.005e-007 -3.005e-007 -3.005e-007  3.005e-007  4.902e-008
      29  3.009e-007 -3.009e-007 -3.009e-007  3.009e-007  2.592e-007 -2.592e-007 -2.592e-007  2.592e-007  9.995e-008
      30  2.590e-007 -2.590e-007 -2.590e-007  2.590e-007  2.893e-007 -2.893e-007 -2.893e-007  2.893e-007  7.690e-008
      31  2.894e-007 -2.894e-007 -2.894e-007  2.894e-007 -1.716e-007  1.716e-007  1.716e-007 -1.716e-007  7.198e-008
      32 -1.715e-007  1.715e-007  1.715e-007 -1.715e-007 -2.768e-007  2.768e-007  2.768e-007 -2.768e-007  1.125e-007
      33 -2.763e-007  2.763e-007  2.763e-007 -2.763e-007 -7.640e-009  7.640e-009  7.640e-009 -7.640e-009  1.007e-007
      34 -8.406e-009  8.406e-009  8.406e-009 -8.406e-009  1.143e-007 -1.143e-007 -1.143e-007  1.143e-007  7.795e-008
      35  1.145e-007 -1.145e-007 -1.145e-007  1.145e-007 -3.759e-008  3.759e-008  3.759e-008 -3.759e-008  4.262e-008
      36 -3.337e-008  3.337e-008  3.337e-008 -3.337e-008 -9.827e-008  9.827e-008  9.827e-008 -9.827e-008 -4.642e-008
      37 -9.805e-008  9.805e-008  9.805e-008 -9.805e-008 -7.024e-008  7.024e-008  7.024e-008 -7.024e-008 -1.442e-007
      38 -7.014e-008  7.014e-008  7.014e-008 -7.014e-008  1.215e-008 -1.215e-008 -1.215e-008  1.215e-008 -2.456e-007
      39  1.131e-008 -1.131e-008 -1.131e-008  1.131e-008  1.435e-007 -1.435e-007 -1.435e-007  1.435e-007 -2.942e-007
      40  1.441e-007 -1.441e-007 -1.441e-007  1.441e-007  2.376e-007 -2.376e-007 -2.376e-007  2.376e-007 -2.930e-007
      41  2.374e-007 -2.374e-007 -2.374e-007  2.374e-007  1.299e-007 -1.299e-007 -1.299e-007  1.299e-007 -2.954e-007
      42  1.301e-007 -1.301e-007 -1.301e-007  1.301e-007  5.309e-008 -5.309e-008 -5.309e-008  5.309e-008 -2.492e-007
      43  5.298e-008 -5.298e-008 -5.298e-008  5.298e-008  7.495e-008 -7.495e-008 -7.495e-008  7.495e-008 -1.733e-007
      44  7.448e-008 -7.448e-008 -7.448e-008  7.448e-008  2.428e-008 -2.428e-008 -2.428e-008  2.428e-008 -9.150e-008
      45  2.470e-008 -2.470e-008 -2.470e-008  2.470e-008 -1.867e-007  1.867e-007  1.867e-007 -1.867e-007  3.180e-009
      46 -1.861e-007  1.861e-007  1.861e-007 -1.861e-007 -2.172e-007  2.172e-007  2.172e-007 -2.172e-007  1.114e-007
      47 -2.178e-007  2.178e-007  2.178e-007 -2.178e-007 -1.556e-007  1.556e-007  1.556e-007 -1.556e-007  1.797e-007
      48 -1.556e-007  1.556e-007  1.556e-007 -1.556e-007  8.263e-008 -8.263e-008 -8.263e-008  8.263e-008  2.337e-007
      49  8.296e-008 -8.296e-008 -8.296e-008  8.296e-008  1.697e-007 -1.697e-007 -1.697e-007  1.697e-007  2.504e-007
      50  1.697e-007 -1.697e-007 -1.697e-007  1.697e-007  2.704e-007 -2.704e-007 -2.704e-007  2.704e-007  2.779e-007
      51  2.708e-007 -2.708e-007 -2.708e-007  2.708e-007  3.697e-007 -3.697e-007 -3.697e-007  3.697e-007  2.676e-007
      52  3.699e-007 -3.699e-007 -3.699e-007  3.699e-007  1.828e-007 -1.828e-007 -1.828e-007  1.828e-007  2.165e-007
      53  1.821e-007 -1.821e-007 -1.821e-007  1.821e-007  1.213e-008 -1.213e-008 -1.213e-008  1.213e-008  1.777e-007
      54  1.226e-008 -1.226e-008 -1.226e-008  1.226e-008 -2.453e-007  2.453e-007  2.453e-007 -2.453e-007  1.241e-007
      55 -2.453e-007  2.453e-007  2.453e-007 -2.453e-007 -4.031e-007  4.031e-007  4.031e-007 -4.031e-007  4.345e-008
      56 -4.033e-007  4.033e-007  4.033e-007 -4.033e-007 -9.126e-008  9.126e-008  9.126e-008 -9.126e-008  3.611e-008
      57 -9.107e-008  9.107e-008  9.107e-008 -9.107e-008  5.041e-008 -5.041e-008 -5.041e-008  5.041e-008  4.074e-008
      58  4.959e-008 -4.959e-008 -4.959e-008  4.959e-008  9.181e-008 -9.181e-008 -9.181e-008  9.181e-008  8.574e-008
      59  9.258e-008 -9.258e-008 -9.258e-008  9.258e-008 -1.011e-008  1.011e-008  1.011e-008 -1.011e-008  1.423e-007
      60 -9.616e-009  9.616e-009  9.616e-009 -9.616e-009  1.393e-007 -1.393e-007 -1.393e-007  1.393e-007  1.472e-007
      61  1.393e-007 -1.393e-007 -1.393e-007  1.393e-007  2.837e-007 -2.837e-007 -2.837e-007  2.837e-007  7.637e-008
      62  2.838e-007 -2.838e-007 -2.838e-007  2.838e-007  2.815e-007 -2.815e-007 -2.815e-007  2.815e-007 -4.249e-008
      63  2.823e-007 -2.823e-007 -2.823e-007  2.823e-007  1.990e-007 -1.990e-007 -1.990e-007  1.990e-007 -1.757e-007
      64  1.982e-007 -1.982e-007 -1.982e-007  1.982e-007  1.960e-008 -1.960e-008 -1.960e-008  1.960e-008 -2.324e-007
      65  2.018e-008 -2.018e-008 -2.018e-008  2.018e-008 -1.167e-007  1.167e-007  1.167e-007 -1.167e-007 -2.293e-007
      66 -1.175e-007  1.175e-007  1.175e-007 -1.175e-007 -3.982e-007  3.982e-007  3.982e-007 -3.982e-007 -2.371e-007
      67 -3.975e-007  3.975e-007  3.975e-007 -3.975e-007 -3.980e-007  3.980e-007  3.980e-007 -3.980e-007 -2.743e-007
      68 -3.982e-007  3.982e-007  3.982e-007 -3.982e-007 -1.335e-007  1.335e-007  1.335e-007 -1.335e-007 -2.461e-007
      69 -1.343e-007  1.343e-007  1.343e-007 -1.343e-007 -1.673e-008  1.673e-008  1.673e-008 -1.673e-008 -2.152e-007
      70 -1.622e-008  1.622e-008  1.622e-008 -1.622e-008  1.635e-007 -1.635e-007 -1.635e-007  1.635e-007 -1.483e-007
      71  1.625e-007 -1.625e-007 -1.625e-007  1.625e-007  2.464e-007 -2.464e-007 -2.464e-007  2.464e-007 -7.497e-008
      72  2.470e-007 -2.470e-007 -2.470e-007  2.470e-007  3.788e-007 -3.788e-007 -3.788e-007  3.788e-007 -6.019e-008
      73  3.797e-007 -3.797e-007 -3.797e-007  3.797e-007  3.358e-007 -3.358e-007 -3.358e-007  3.358e-007 -5.446e-008
      74  3.345e-007 -3.345e-007 -3.345e-007  3.345e-007  6.636e-008 -6.636e-008 -6.636e-008  6.636e-008 -5.723e-008
      75  7.283e-008 -7.283e-008 -7.283e-008  7.283e-008 -2.159e-007  2.159e-007  2.159e-007 -2.159e-007 -5.999e-008
      76 -2.147e-007  2.147e-007  2.147e-007 -2.147e-007 -2.613e-007  2.613e-007  2.613e-007 -2.613e-007 -1.514e-008
      77 -2.593e-007  2.593e-007  2.593e-007 -2.593e-007 -1.848e-007  1.848e-007  1.848e-007 -1.848e-007  1.756e-008
      78 -1.865e-007  1.865e-007  1.865e-007 -1.865e-007 -1.865e-007  1.865e-007  1.865e-007 -1.865e-007  9.016e-008
      79 -1.865e-007  1.865e-007  1.865e-007 -1.865e-007 -1.455e-007  1.455e-007  1.455e-007 -1.455e-007  1.836e-007
      80 -1.469e-007  1.469e-007  1.469e-007 -1.469e-007 -1.730e-007  1.730e-007  1.730e-007 -1.730e-007  2.996e-007
      81 -1.722e-007  1.722e-007  1.722e-007 -1.722e-007  2.590e-008 -2.590e-008 -2.590e-008  2.590e-008  3.172e-007
      82  2.694e-008 -2.694e-008 -2.694e-008  2.694e-008  1.300e-007 -1.300e-007 -1.300e-007  1.300e-007  3.051e-007
      83  1.301e-007 -1.301e-007 -1.301e-007  1.301e-007  3.338e-007 -3.338e-007 -3.338e-007  3.338e-007  2.723e-007
      84  3.322e-007 -3.322e-007 -3.322e-007  3.322e-007  1.620e-007 -1.620e-007 -1.620e-007  1.620e-007  1.653e-007
      85  1.968e-007 -1.968e-007 -1.968e-007  1.968e-007  6.389e-008 -6.389e-008 -6.389e-008  6.389e-008  7.423e-008
      86  6.475e-008 -6.475e-008 -6.475e-008  6.475e-008  1.610e-007 -1.610e-007 -1.610e-007  1.610e-007  2.256e-008
      87  1.637e-007 -1.637e-007 -1.637e-007  1.637e-007  2.539e-008 -2.539e-008 -2.539e-008  2.539e-008  1.957e-008
      88  2.227e-008 -2.227e-008 -2.227e-008  2.227e-008 -2.039e-007  2.039e-007  2.039e-007 -2.039e-007  1.890e-008
      89 -2.056e-007  2.056e-007  2.056e-007 -2.056e-007 -2.912e-007  2.912e-007  2.912e-007 -2.912e-007 -5.424e-009
      90 -2.895e-007  2.895e-007  2.895e-007 -2.895e-007 -2.674e-007  2.674e-007  2.674e-007 -2.674e-007 -3.011e-008
      91 -2.683e-007  2.683e-007  2.683e-007 -2.683e-007 -2.301e-007  2.301e-007  2.301e-007 -2.301e-007 -8.121e-008
      92 -2.274e-007  2.274e-007  2.274e-007 -2.274e-007 -3.257e-008  3.257e-008  3.257e-008 -3.257e-008 -1.360e-007
      93 -3.315e-008  3.315e-008  3.315e-008 -3.315e-008  1.739e-007 -1.739e-007 -1.739e-007  1.739e-007 -1.726e-007
      94  1.740e-007 -1.740e-007 -1.740e-007  1.740e-007  3.574e-007 -3.574e-007 -3.574e-007  3.574e-007 -1.935e-007
      95  3.543e-007 -3.543e-007 -3.543e-007  3.543e-007  3.276e-007 -3.276e-007 -3.276e-007  3.276e-007 -2.129e-007
      96  3.274e-007 -3.274e-007 -3.274e-007  3.274e-007  1.982e-007 -1.982e-007 -1.982e-007  1.982e-007 -1.870e-007
      97  1.989e-007 -1.989e-007 -1.989e-007  1.989e-007 -2.034e-009  2.034e-009  2.034e-009 -2.034e-009 -1.620e-007
      98 -2.590e-009  2.590e-009  2.590e-009 -2.590e-009 -8.510e-008  8.510e-008  8.510e-008 -8.510e-008 -1.055e-007
      99 -8.806e-008  8.806e-008  8.806e-008 -8.806e-008 -1.722e-009  1.722e-009  1.722e-009 -1.722e-009 -4.074e-008
MODAL No:        3
NODE(ELEM) No             Z1                                  Z2                                 MID
       1 -1.102e-009  1.102e-009  1.102e-009 -1.102e-009  7.484e-007 -7.484e-007 -7.484e-007  7.484e-007  1.377e-007
       2  7.472e-007 -7.472e-007 -7.472e-007  7.472e-007  1.725e-006 -1.725e-006 -1.725e-006  1.725e-006  4.117e-007
       3  1.724e-006 -1.724e-006 -1.724e-006  1.724e-006  1.846e-006 -1.846e-006 -1.846e-006  1.846e-006  7.277e-007
       4  1.847e-006 -1.847e-006 -1.847e-006  1.847e-006  1.092e-006 -1.092e-006 -1.092e-006  1.092e-006  1.146e-006
       5  1.092e-006 -1.092e-006 -1.092e-006  1.092e-006 -7.612e-007  7.612e-007  7.612e-007 -7.612e-007  1.448e-006
       6 -7.605e-007  7.605e-007  7.605e-007 -7.605e-007 -2.083e-006  2.083e-006  2.083e-006 -2.083e-006  1.695e-006
       7 -2.084e-006  2.084e-006  2.084e-006 -2.084e-006 -2.420e-006  2.420e-006  2.420e-006 -2.420e-006  1.915e-006
       8 -2.420e-006  2.420e-006  2.420e-006 -2.420e-006 -1.736e-006  1.736e-006  1.736e-006 -1.736e-006  2.195e-006
       9 -1.736e-006  1.736e-006  1.736e-006 -1.736e-006 -5.372e-007  5.372e-007  5.372e-007 -5.372e-007  2.586e-006
      10 -5.373e-007  5.373e-007  5.373e-007 -5.373e-007  3.894e-007 -3.894e-007 -3.894e-007  3.894e-007  3.035e-006
      11  3.890e-007 -3.890e-007 -3.890e-007  3.890e-007  1.382e-006 -1.382e-006 -1.382e-006  1.382e-006  3.491e-006
      12  1.383e-006 -1.383e-006 -1.383e-006  1.383e-006  1.767e-006 -1.767e-006 -1.767e-006  1.767e-006  3.846e-006
      13  1.767e-006 -1.767e-006 -1.767e-006  1.767e-006  2.231e-006 -2.231e-006 -2.231e-006  2.231e-006  4.087e-006
      14  2.231e-006 -2.231e-006 -2.231e-006  2.231e-006  2.174e-006 -2.174e-006 -2.174e-006  2.174e-006  4.100e-006
      15  2.174e-006 -2.174e-006 -2.174e-006  2.174e-006  4.214e-007 -4.214e-007 -4.214e-007  4.214e-007  3.943e-006
      16  3.645e-007 -3.645e-007 -3.645e-007  3.645e-007 -1.485e-006  1.485e-006  1.485e-006 -1.485e-006  2.952e-006
      17 -1.487e-006  1.487e-006  1.487e-006 -1.487e-006 -2.295e-006  2.295e-006  2.295e-006 -2.295e-006  1.648e-006
      18 -2.295e-006  2.295e-006  2.295e-006 -2.295e-006 -4.463e-006  4.463e-006  4.463e-006 -4.463e-006  3.114e-007
      19 -4.464e-006  4.464e-006  4.464e-006 -4.464e-006 -6.322e-007  6.322e-007  6.322e-007 -6.322e-007 -3.836e-007
      20 -6.317e-007  6.317e-007  6.317e-007 -6.317e-007  1.367e-006 -1.367e-006 -1.367e-006  1.367e-006 -1.097e-006
      21  1.368e-006 -1.368e-006 -1.368e-006  1.368e-006  1.574e-006 -1.574e-006 -1.574e-006  1.574e-006 -1.263e-006
      22  1.574e-006 -1.574e-006 -1.574e-006  1.574e-006  2.274e-006 -2.274e-006 -2.274e-006  2.274e-006 -1.722e-006
      23  2.275e-006 -2.275e-006 -2.275e-006  2.275e-006  3.551e-006 -3.551e-006 -3.551e-006  3.551e-006 -2.280e-006
      24  3.551e-006 -3.551e-006 -3.551e-006  3.551e-006  4.734e-007 -4.734e-007 -4.734e-007  4.734e-007 -2.510e-006
      25  4.733e-007 -4.733e-007 -4.733e-007  4.733e-007 -2.244e-006  2.244e-006  2.244e-006 -2.244e-006 -2.777e-006
      26 -1.954e-006  1.954e-006  1.954e-006 -1.954e-006 -5.429e-006  5.429e-006  5.429e-006 -5.429e-006 -2.579e-006
      27 -5.428e-006  5.428e-006  5.428e-006 -5.428e-006 -2.597e-006  2.597e-006  2.597e-006 -2.597e-006 -2.613e-006
      28 -2.597e-006  2.597e-006  2.597e-006 -2.597e-006  3.021e-006 -3.021e-006 -3.021e-006  3.021e-006 -2.615e-006
      29  3.021e-006 -3.021e-006 -3.021e-006  3.021e-006  4.754e-006 -4.754e-006 -4.754e-006  4.754e-006 -2.860e-006
      30  4.754e-006 -4.754e-006 -4.754e-006  4.754e-006  2.458e-006 -2.458e-006 -2.458e-006  2.458e-006 -2.678e-006
      31  2.457e-006 -2.457e-006 -2.457e-006  2.457e-006  7.637e-007 -7.637e-007 -7.637e-007  7.637e-007 -1.991e-006
      32  7.642e-007 -7.642e-007 -7.642e-007  7.642e-007 -4.032e-006  4.032e-006  4.032e-006 -4.032e-006 -1.458e-006
      33 -4.032e-006  4.032e-006  4.032e-006 -4.032e-006 -6.757e-006  6.757e-006  6.757e-006 -6.757e-006 -8.695e-007
      34 -6.756e-006  6.756e-006  6.756e-006 -6.756e-006 -6.038e-006  6.038e-006  6.038e-006 -6.038e-006 -4.500e-007
      35 -6.038e-006  6.038e-006  6.038e-006 -6.038e-006 -7.651e-007  7.651e-007  7.651e-007 -7.651e-007  6.084e-008
      36 -6.778e-007  6.778e-007  6.778e-007 -6.778e-007  5.006e-006 -5.006e-006 -5.006e-006  5.006e-006  1.085e-006
      37  5.006e-006 -5.006e-006 -5.006e-006  5.006e-006  7.760e-006 -7.760e-006 -7.760e-006  7.760e-006  1.995e-006
      38  7.761e-006 -7.761e-006 -7.761e-006  7.761e-006  7.036e-006 -7.036e-006 -7.036e-006  7.036e-006  2.706e-006
      39  7.036e-006 -7.036e-006 -7.036e-006  7.036e-006  4.720e-006 -4.720e-006 -4.720e-006  4.720e-006  3.776e-006
      40  4.721e-006 -4.721e-006 -4.721e-006  4.721e-006  9.175e-007 -9.175e-007 -9.175e-007  9.175e-007  4.467e-006
      41  9.172e-007 -9.172e-007 -9.172e-007  9.172e-007 -3.965e-006  3.965e-006  3.965e-006 -3.965e-006  4.835e-006
      42 -3.964e-006  3.964e-006  3.964e-006 -3.964e-006 -8.339e-006  8.339e-006  8.339e-006 -8.339e-006  4.106e-006
      43 -8.339e-006  8.339e-006  8.339e-006 -8.339e-006 -8.219e-006  8.219e-006  8.219e-006 -8.219e-006  2.561e-006
      44 -8.219e-006  8.219e-006  8.219e-006 -8.219e-006 -5.724e-006  5.724e-006  5.724e-006 -5.724e-006  1.149e-006
      45 -5.724e-006  5.724e-006  5.724e-006 -5.724e-006 -1.833e-007  1.833e-007  1.833e-007 -1.833e-007 -5.507e-007
      46 -1.828e-007  1.828e-007  1.828e-007 -1.828e-007  4.133e-006 -4.133e-006 -4.133e-006  4.133e-006 -2.617e-006
      47  4.133e-006 -4.133e-006 -4.133e-006  4.133e-006  6.464e-006 -6.464e-006 -6.464e-006  6.464e-006 -4.242e-006
      48  6.464e-006 -6.464e-006 -6.464e-006  6.464e-006  5.044e-006 -5.044e-006 -5.044e-006  5.044e-006 -5.109e-006
      49  5.044e-006 -5.044e-006 -5.044e-006  5.044e-006  3.821e-006 -3.821e-006 -3.821e-006  3.821e-006 -4.969e-006
      50  3.821e-006 -3.821e-006 -3.821e-006  3.821e-006  1.046e-006 -1.046e-006 -1.046e-006  1.046e-006 -4.537e-006
      51  1.046e-006 -1.046e-006 -1.046e-006  1.046e-006 -1.570e-006  1.570e-006  1.570e-006 -1.570e-006 -3.808e-006
      52 -1.570e-006  1.570e-006  1.570e-006 -1.570e-006 -3.188e-006  3.188e-006  3.188e-006 -3.188e-006 -2.146e-006
      53 -3.188e-006  3.188e-006  3.188e-006 -3.188e-006 -4.052e-006  4.052e-006  4.052e-006 -4.052e-006 -3.654e-007
      54 -4.052e-006  4.052e-006  4.052e-006 -4.052e-006 -1.096e-006  1.096e-006  1.096e-006 -1.096e-006  8.828e-007
      55 -1.096e-006  1.096e-006  1.096e-006 -1.096e-006  1.345e-006 -1.345e-006 -1.345e-006  1.345e-006  1.956e-006
      56  1.346e-006 -1.346e-006 -1.346e-006  1.346e-006 -7.376e-008  7.376e-008  7.376e-008 -7.376e-008  2.065e-006
      57 -7.454e-008  7.454e-008  7.454e-008 -7.454e-008 -1.090e-006  1.090e-006  1.090e-006 -1.090e-006  2.419e-006
      58 -1.090e-006  1.090e-006  1.090e-006 -1.090e-006  6.639e-007 -6.639e-007 -6.639e-007  6.639e-007  2.405e-006
      59  6.638e-007 -6.638e-007 -6.638e-007  6.638e-007  9.310e-007 -9.310e-007 -9.310e-007  9.310e-007  2.305e-006
      60  9.309e-007 -9.309e-007 -9.309e-007  9.309e-007 -3.945e-007  3.945e-007  3.945e-007 -3.945e-007  2.295e-006
      61 -3.947e-007  3.947e-007  3.947e-007 -3.947e-007 -3.308e-007  3.308e-007  3.308e-007 -3.308e-007  2.304e-006
      62 -3.300e-007  3.300e-007  3.300e-007 -3.300e-007  1.379e-006 -1.379e-006 -1.379e-006  1.379e-006  2.644e-006
      63  1.379e-006 -1.379e-006 -1.379e-006  1.379e-006  1.421e-006 -1.421e-006 -1.421e-006  1.421e-006  2.954e-006
      64  1.420e-006 -1.420e-006 -1.420e-006  1.420e-006 -1.026e-006  1.026e-006  1.026e-006 -1.026e-006  2.785e-006
      65 -1.026e-006  1.026e-006  1.026e-006 -1.026e-006 -3.327e-006  3.327e-006  3.327e-006 -3.327e-006  2.479e-006
      66 -3.327e-006  3.327e-006  3.327e-006 -3.327e-006 -2.174e-006  2.174e-006  2.174e-006 -2.174e-006  2.654e-006
      67 -2.173e-006  2.173e-006  2.173e-006 -2.173e-006  2.196e-006 -2.196e-006 -2.196e-006  2.196e-006  2.850e-006
      68  2.195e-006 -2.195e-006 -2.195e-006  2.195e-006  5.353e-006 -5.353e-006 -5.353e-006  5.353e-006  2.240e-006
      69  5.353e-006 -5.353e-006 -5.353e-006  5.353e-006  4.840e-006 -4.840e-006 -4.840e-006  4.840e-006  1.626e-006
      70  4.840e-006 -4.840e-006 -4.840e-006  4.840e-006  9.830e-007 -9.830e-007 -9.830e-007  9.830e-007  1.695e-007
      71  9.831e-007 -9.831e-007 -9.831e-007  9.831e-007 -3.126e-006  3.126e-006  3.126e-006 -3.126e-006 -1.433e-006
      72 -3.126e-006  3.126e-006  3.126e-006 -3.126e-006 -5.066e-006  5.066e-006  5.066e-006 -5.066e-006 -2.543e-006
      73 -5.066e-006  5.066e-006  5.066e-006 -5.066e-006 -4.659e-006  4.659e-006  4.659e-006 -4.659e-006 -3.172e-006
      74 -4.659e-006  4.659e-006  4.659e-006 -4.659e-006 -2.416e-006  2.416e-006  2.416e-006 -2.416e-006 -3.338e-006
      75 -2.697e-006  2.697e-006  2.697e-006 -2.697e-006  9.188e-007 -9.188e-007 -9.188e-007  9.188e-007 -4.018e-006
      76  9.188e-007 -9.188e-007 -9.188e-007  9.188e-007  1.406e-006 -1.406e-006 -1.406e-006  1.406e-006 -4.488e-006
      77  1.406e-006 -1.406e-006 -1.406e-006  1.406e-006 -6.317e-007  6.317e-007  6.317e-007 -6.317e-007 -4.680e-006
      78 -6.320e-007  6.320e-007  6.320e-007 -6.320e-007  1.850e-006 -1.850e-006 -1.850e-006  1.850e-006 -5.043e-006
      79  1.850e-006 -1.850e-006 -1.850e-006  1.850e-006  4.584e-006 -4.584e-006 -4.584e-006  4.584e-006 -5.337e-006
      80  4.584e-006 -4.584e-006 -4.584e-006  4.584e-006  5.436e-006 -5.436e-006 -5.436e-006  5.436e-006 -5.637e-006
      81  5.436e-006 -5.436e-006 -5.436e-006  5.436e-006  2.911e-006 -2.911e-006 -2.911e-006  2.911e-006 -5.081e-006
      82  2.911e-006 -2.911e-006 -2.911e-006  2.911e-006 -1.488e-006  1.488e-006  1.488e-006 -1.488e-006 -4.259e-006
      83 -1.488e-006  1.488e-006  1.488e-006 -1.488e-006 -4.014e-006  4.014e-006  4.014e-006 -4.014e-006 -3.191e-006
      84 -4.014e-006  4.014e-006  4.014e-006 -4.014e-006 -2.314e-006  2.314e-006  2.314e-006 -2.314e-006 -9.450e-007
      85 -2.847e-006  2.847e-006  2.847e-006 -2.847e-006 -1.814e-006  1.814e-006  1.814e-006 -1.814e-006  1.183e-006
      86 -1.814e-006  1.814e-006  1.814e-006 -1.814e-006 -1.990e-006  1.990e-006  1.990e-006 -1.990e-006  2.442e-006
      87 -1.990e-006  1.990e-006  1.990e-006 -1.990e-006 -1.686e-006  1.686e-006  1.686e-006 -1.686e-006  3.241e-006
      88 -1.686e-006  1.686e-006  1.686e-006 -1.686e-006 -1.474e-006  1.474e-006  1.474e-006 -1.474e-006  3.662e-006
      89 -1.475e-006  1.475e-006  1.475e-006 -1.475e-006 -1.067e-006  1.067e-006  1.067e-006 -1.067e-006  4.474e-006
      90 -1.066e-006  1.066e-006  1.066e-006 -1.066e-006  2.700e-007 -2.700e-007 -2.700e-007  2.700e-007  5.547e-006
      91  2.701e-007 -2.701e-007 -2.701e-007  2.701e-007  3.432e-006 -3.432e-006 -3.432e-006  3.432e-006  6.386e-006
      92  3.432e-006 -3.432e-006 -3.432e-006  3.432e-006  4.553e-006 -4.553e-006 -4.553e-006  4.553e-006  6.590e-006
      93  4.552e-006 -4.552e-006 -4.552e-006  4.552e-006  3.076e-006 -3.076e-006 -3.076e-006  3.076e-006  6.393e-006
      94  3.076e-006 -3.076e-006 -3.076e-006  3.076e-006  9.059e-007 -9.059e-007 -9.059e-007  9.059e-007  5.717e-006
      95  9.070e-007 -9.070e-007 -9.070e-007  9.070e-007 -1.008e-006  1.008e-006  1.008e-006 -1.008e-006  4.807e-006
      96 -1.009e-006  1.009e-006  1.009e-006 -1.009e-006 -4.906e-007  4.906e-007  4.906e-007 -4.906e-007  3.422e-006
      97 -4.909e-007  4.909e-007  4.909e-007 -4.909e-007  1.223e-006 -1.223e-006 -1.223e-006  1.223e-006  2.211e-006
      98  1.223e-006 -1.223e-006 -1.223e-006  1.223e-006  1.373e-006 -1.373e-006 -1.373e-006  1.373e-006  1.058e-006
      99  1.373e-006 -1.373e-006 -1.373e-006  1.373e-006  1.255e-010 -1.255e-010 -1.255e-010  1.255e-010  2.449e-007
MODAL No:        7
NODE(ELEM) No             Z1                                  Z2                                 MID
       1 -5.646e-010  5.646e-010  5.646e-010 -5.646e-010 -3.745e+001  3.745e+001  3.745e+001 -3.745e+001 -3.707e-008
       2 -3.745e+001  3.745e+001  3.745e+001 -3.745e+001 -1.469e+002  1.469e+002  1.469e+002 -1.469e+002 -1.136e-007
       3 -1.469e+002  1.469e+002  1.469e+002 -1.469e+002 -3.255e+002  3.255e+002  3.255e+002 -3.255e+002 -2.072e-007
       4 -3.255e+002  3.255e+002  3.255e+002 -3.255e+002 -5.702e+002  5.702e+002  5.702e+002 -5.702e+002 -3.259e-007
       5 -5.702e+002  5.702e+002  5.702e+002 -5.702e+002 -8.783e+002  8.783e+002  8.783e+002 -8.783e+002 -4.247e-007
       6 -8.783e+002  8.783e+002  8.783e+002 -8.783e+002 -1.247e+003  1.247e+003  1.247e+003 -1.247e+003 -5.094e-007
       7 -1.247e+003  1.247e+003  1.247e+003 -1.247e+003 -1.673e+003  1.673e+003  1.673e+003 -1.673e+003 -5.832e-007
       8 -1.673e+003  1.673e+003  1.673e+003 -1.673e+003 -2.153e+003  2.153e+003  2.153e+003 -2.153e+003 -6.628e-007
       9 -2.153e+003  2.153e+003  2.153e+003 -2.153e+003 -2.686e+003  2.686e+003  2.686e+003 -2.686e+003 -7.498e-007
      10 -2.686e+003  2.686e+003  2.686e+003 -2.686e+003 -3.267e+003  3.267e+003  3.267e+003 -3.267e+003 -8.465e-007
      11 -3.267e+003  3.267e+003  3.267e+003 -3.267e+003 -3.894e+003  3.894e+003  3.894e+003 -3.894e+003 -9.403e-007
      12 -3.894e+003  3.894e+003  3.894e+003 -3.894e+003 -4.564e+003  4.564e+003  4.564e+003 -4.564e+003 -1.008e-006
      13 -4.564e+003  4.564e+003  4.564e+003 -4.564e+003 -5.275e+003  5.275e+003  5.275e+003 -5.275e+003 -1.043e-006
      14 -5.275e+003  5.275e+003  5.275e+003 -5.275e+003 -6.023e+003  6.023e+003  6.023e+003 -6.023e+003 -1.027e-006
      15 -6.023e+003  6.023e+003  6.023e+003 -6.023e+003 -6.806e+003  6.806e+003  6.806e+003 -6.806e+003 -9.800e-007
      16 -5.891e+003  5.891e+003  5.891e+003 -5.891e+003 -6.627e+003  6.627e+003  6.627e+003 -6.627e+003 -7.366e-007
      17 -6.627e+003  6.627e+003  6.627e+003 -6.627e+003 -7.446e+003  7.446e+003  7.446e+003 -7.446e+003 -4.437e-007
      18 -7.446e+003  7.446e+003  7.446e+003 -7.446e+003 -8.339e+003  8.339e+003  8.339e+003 -8.339e+003 -1.223e-007
      19 -8.339e+003  8.339e+003  8.339e+003 -8.339e+003 -9.298e+003  9.298e+003  9.298e+003 -9.298e+003  8.734e-008
      20 -9.298e+003  9.298e+003  9.298e+003 -9.298e+003 -1.032e+004  1.032e+004  1.032e+004 -1.032e+004  2.642e-007
      21 -1.032e+004  1.032e+004  1.032e+004 -1.032e+004 -1.139e+004  1.139e+004  1.139e+004 -1.139e+004  3.311e-007
      22 -1.139e+004  1.139e+004  1.139e+004 -1.139e+004 -1.251e+004  1.251e+004  1.251e+004 -1.251e+004  4.576e-007
      23 -1.251e+004  1.251e+004  1.251e+004 -1.251e+004 -1.366e+004  1.366e+004  1.366e+004 -1.366e+004  6.143e-007
      24 -1.366e+004  1.366e+004  1.366e+004 -1.366e+004 -1.484e+004  1.484e+004  1.484e+004 -1.484e+004  6.872e-007
      25 -1.484e+004  1.484e+004  1.484e+004 -1.484e+004 -1.605e+004  1.605e+004  1.605e+004 -1.605e+004  7.450e-007
      26 -1.398e+004  1.398e+004  1.398e+004 -1.398e+004 -1.505e+004  1.505e+004  1.505e+004 -1.505e+004  6.641e-007
      27 -1.505e+004  1.505e+004  1.505e+004 -1.505e+004 -1.612e+004  1.612e+004  1.612e+004 -1.612e+004  6.299e-007
      28 -1.612e+004  1.612e+004  1.612e+004 -1.612e+004 -1.720e+004  1.720e+004  1.720e+004 -1.720e+004  5.846e-007
      29 -1.720e+004  1.720e+004  1.720e+004 -1.720e+004 -1.828e+004  1.828e+004  1.828e+004 -1.828e+004  6.076e-007
      30 -1.828e+004  1.828e+004  1.828e+004 -1.828e+004 -1.935e+004  1.935e+004  1.935e+004 -1.935e+004  5.745e-007
      31 -1.935e+004  1.935e+004  1.935e+004 -1.935e+004 -2.041e+004  2.041e+004  2.041e+004 -2.041e+004  4.125e-007
      32 -2.041e+004  2.041e+004  2.041e+004 -2.041e+004 -2.145e+004  2.145e+004  2.145e+004 -2.145e+004  2.645e-007
      33 -2.145e+004  2.145e+004  2.145e+004 -2.145e+004 -2.247e+004  2.247e+004  2.247e+004 -2.247e+004  1.334e-007
      34 -2.247e+004  2.247e+004  2.247e+004 -2.247e+004 -2.346e+004  2.346e+004  2.346e+004 -2.346e+004  4.907e-008
      35 -2.346e+004  2.346e+004  2.346e+004 -2.346e+004 -2.442e+004  2.442e+004  2.442e+004 -2.442e+004 -4.894e-008
      36 -2.164e+004  2.164e+004  2.164e+004 -2.164e+004 -2.248e+004  2.248e+004  2.248e+004 -2.248e+004 -2.360e-007
      37 -2.248e+004  2.248e+004  2.248e+004 -2.248e+004 -2.328e+004  2.328e+004  2.328e+004 -2.328e+004 -3.932e-007
      38 -2.328e+004  2.328e+004  2.328e+004 -2.328e+004 -2.405e+004  2.405e+004  2.405e+004 -2.405e+004 -5.042e-007
      39 -2.405e+004  2.405e+004  2.405e+004 -2.405e+004 -2.478e+004  2.478e+004  2.478e+004 -2.478e+004 -7.226e-007
      40 -2.478e+004  2.478e+004  2.478e+004 -2.478e+004 -2.546e+004  2.546e+004  2.546e+004 -2.546e+004 -8.795e-007
      41 -2.546e+004  2.546e+004  2.546e+004 -2.546e+004 -2.609e+004  2.609e+004  2.609e+004 -2.609e+004 -9.567e-007
      42 -2.609e+004  2.609e+004  2.609e+004 -2.609e+004 -2.668e+004  2.668e+004  2.668e+004 -2.668e+004 -8.123e-007
      43 -2.668e+004  2.668e+004  2.668e+004 -2.668e+004 -2.721e+004  2.721e+004  2.721e+004 -2.721e+004 -4.944e-007
      44 -2.721e+004  2.721e+004  2.721e+004 -2.721e+004 -2.769e+004  2.769e+004  2.769e+004 -2.769e+004 -2.126e-007
      45 -2.769e+004  2.769e+004  2.769e+004 -2.769e+004 -2.811e+004  2.811e+004  2.811e+004 -2.811e+004  1.268e-007
      46 -2.811e+004  2.811e+004  2.811e+004 -2.811e+004 -2.847e+004  2.847e+004  2.847e+004 -2.847e+004  5.421e-007
      47 -2.847e+004  2.847e+004  2.847e+004 -2.847e+004 -2.877e+004  2.877e+004  2.877e+004 -2.877e+004  8.770e-007
      48 -2.877e+004  2.877e+004  2.877e+004 -2.877e+004 -2.902e+004  2.902e+004  2.902e+004 -2.902e+004  1.047e-006
      49 -2.902e+004  2.902e+004  2.902e+004 -2.902e+004 -2.920e+004  2.920e+004  2.920e+004 -2.920e+004  1.010e-006
      50 -2.920e+004  2.920e+004  2.920e+004 -2.920e+004 -2.932e+004  2.932e+004  2.932e+004 -2.932e+004  8.966e-007
      51 -2.932e+004  2.932e+004  2.932e+004 -2.932e+004 -2.937e+004  2.937e+004  2.937e+004 -2.937e+004  7.356e-007
      52 -2.937e+004  2.937e+004  2.937e+004 -2.937e+004 -2.937e+004  2.937e+004  2.937e+004 -2.937e+004  3.816e-007
      53 -2.937e+004  2.937e+004  2.937e+004 -2.937e+004 -2.930e+004  2.930e+004  2.930e+004 -2.930e+004 -5.825e-009
      54 -2.930e+004  2.930e+004  2.930e+004 -2.930e+004 -2.916e+004  2.916e+004  2.916e+004 -2.916e+004 -2.652e-007
      55 -2.916e+004  2.916e+004  2.916e+004 -2.916e+004 -2.897e+004  2.897e+004  2.897e+004 -2.897e+004 -4.676e-007
      56 -2.897e+004  2.897e+004  2.897e+004 -2.897e+004 -2.871e+004  2.871e+004  2.871e+004 -2.871e+004 -4.891e-007
      57 -2.871e+004  2.871e+004  2.871e+004 -2.871e+004 -2.840e+004  2.840e+004  2.840e+004 -2.840e+004 -5.732e-007
      58 -2.840e+004  2.840e+004  2.840e+004 -2.840e+004 -2.802e+004  2.802e+004  2.802e+004 -2.802e+004 -5.953e-007
      59 -2.802e+004  2.802e+004  2.802e+004 -2.802e+004 -2.759e+004  2.759e+004  2.759e+004 -2.759e+004 -6.055e-007
      60 -2.759e+004  2.759e+004  2.759e+004 -2.759e+004 -2.710e+004  2.710e+004  2.710e+004 -2.710e+004 -6.058e-007
      61 -2.710e+004  2.710e+004  2.710e+004 -2.710e+004 -2.655e+004  2.655e+004  2.655e+004 -2.655e+004 -5.723e-007
      62 -2.655e+004  2.655e+004  2.655e+004 -2.655e+004 -2.596e+004  2.596e+004  2.596e+004 -2.596e+004 -5.891e-007
      63 -2.596e+004  2.596e+004  2.596e+004 -2.596e+004 -2.531e+004  2.531e+004  2.531e+004 -2.531e+004 -5.954e-007
      64 -2.531e+004  2.531e+004  2.531e+004 -2.531e+004 -2.462e+004  2.462e+004  2.462e+004 -2.462e+004 -5.270e-007
      65 -2.462e+004  2.462e+004  2.462e+004 -2.462e+004 -2.388e+004  2.388e+004  2.388e+004 -2.388e+004 -4.603e-007
      66 -2.388e+004  2.388e+004  2.388e+004 -2.388e+004 -2.310e+004  2.310e+004  2.310e+004 -2.310e+004 -4.977e-007
      67 -2.310e+004  2.310e+004  2.310e+004 -2.310e+004 -2.229e+004  2.229e+004  2.229e+004 -2.229e+004 -5.218e-007
      68 -2.229e+004  2.229e+004  2.229e+004 -2.229e+004 -2.144e+004  2.144e+004  2.144e+004 -2.144e+004 -3.933e-007
      69 -2.144e+004  2.144e+004  2.144e+004 -2.144e+004 -2.056e+004  2.056e+004  2.056e+004 -2.056e+004 -2.668e-007
      70 -2.056e+004  2.056e+004  2.056e+004 -2.056e+004 -1.965e+004  1.965e+004  1.965e+004 -1.965e+004  3.321e-008
      71 -1.965e+004  1.965e+004  1.965e+004 -1.965e+004 -1.872e+004  1.872e+004  1.872e+004 -1.872e+004  3.648e-007
      72 -1.872e+004  1.872e+004  1.872e+004 -1.872e+004 -1.777e+004  1.777e+004  1.777e+004 -1.777e+004  6.154e-007
      73 -1.777e+004  1.777e+004  1.777e+004 -1.777e+004 -1.680e+004  1.680e+004  1.680e+004 -1.680e+004  7.598e-007
      74 -1.680e+004  1.680e+004  1.680e+004 -1.680e+004 -1.583e+004  1.583e+004  1.583e+004 -1.583e+004  8.007e-007
      75 -1.767e+004  1.767e+004  1.767e+004 -1.767e+004 -1.660e+004  1.660e+004  1.660e+004 -1.660e+004  9.582e-007
      76 -1.660e+004  1.660e+004  1.660e+004 -1.660e+004 -1.553e+004  1.553e+004  1.553e+004 -1.553e+004  1.042e-006
      77 -1.553e+004  1.553e+004  1.553e+004 -1.553e+004 -1.447e+004  1.447e+004  1.447e+004 -1.447e+004  1.071e-006
      78 -1.447e+004  1.447e+004  1.447e+004 -1.447e+004 -1.341e+004  1.341e+004  1.341e+004 -1.341e+004  1.114e-006
      79 -1.341e+004  1.341e+004  1.341e+004 -1.341e+004 -1.237e+004  1.237e+004  1.237e+004 -1.237e+004  1.134e-006
      80 -1.237e+004  1.237e+004  1.237e+004 -1.237e+004 -1.135e+004  1.135e+004  1.135e+004 -1.135e+004  1.138e-006
      81 -1.135e+004  1.135e+004  1.135e+004 -1.135e+004 -1.035e+004  1.035e+004  1.035e+004 -1.035e+004  1.000e-006
      82 -1.035e+004  1.035e+004  1.035e+004 -1.035e+004 -9.383e+003  9.383e+003  9.383e+003 -9.383e+003  8.141e-007
      83 -9.383e+003  9.383e+003  9.383e+003 -9.383e+003 -8.453e+003  8.453e+003  8.453e+003 -8.453e+003  5.838e-007
      84 -8.453e+003  8.453e+003  8.453e+003 -8.453e+003 -7.565e+003  7.565e+003  7.565e+003 -7.565e+003  1.265e-007
      85 -9.307e+003  9.307e+003  9.307e+003 -9.307e+003 -8.262e+003  8.262e+003  8.262e+003 -8.262e+003 -3.118e-007
      86 -8.262e+003  8.262e+003  8.262e+003 -8.262e+003 -7.257e+003  7.257e+003  7.257e+003 -7.257e+003 -5.718e-007
      87 -7.257e+003  7.257e+003  7.257e+003 -7.257e+003 -6.298e+003  6.298e+003  6.298e+003 -6.298e+003 -7.541e-007
      88 -6.298e+003  6.298e+003  6.298e+003 -6.298e+003 -5.388e+003  5.388e+003  5.388e+003 -5.388e+003 -8.504e-007
      89 -5.388e+003  5.388e+003  5.388e+003 -5.388e+003 -4.533e+003  4.533e+003  4.533e+003 -4.533e+003 -1.024e-006
      90 -4.533e+003  4.533e+003  4.533e+003 -4.533e+003 -3.736e+003  3.736e+003  3.736e+003 -3.736e+003 -1.256e-006
      91 -3.736e+003  3.736e+003  3.736e+003 -3.736e+003 -3.004e+003  3.004e+003  3.004e+003 -3.004e+003 -1.421e-006
      92 -3.004e+003  3.004e+003  3.004e+003 -3.004e+003 -2.339e+003  2.339e+003  2.339e+003 -2.339e+003 -1.440e-006
      93 -2.339e+003  2.339e+003  2.339e+003 -2.339e+003 -1.748e+003  1.748e+003  1.748e+003 -1.748e+003 -1.376e-006
      94 -1.748e+003  1.748e+003  1.748e+003 -1.748e+003 -1.234e+003  1.234e+003  1.234e+003 -1.234e+003 -1.215e-006
      95 -1.234e+003  1.234e+003  1.234e+003 -1.234e+003 -8.032e+002  8.032e+002  8.032e+002 -8.032e+002 -9.942e-007
      96 -8.032e+002  8.032e+002  8.032e+002 -8.032e+002 -4.596e+002  4.596e+002  4.596e+002 -4.596e+002 -6.897e-007
      97 -4.596e+002  4.596e+002  4.596e+002 -4.596e+002 -2.080e+002  2.080e+002  2.080e+002 -2.080e+002 -4.212e-007
      98 -2.080e+002  2.080e+002  2.080e+002 -2.080e+002 -5.318e+001  5.318e+001  5.318e+001 -5.318e+001 -1.859e-007
      99 -5.318e+001  5.318e+001  5.318e+001 -5.318e+001  1.333e-009 -1.333e-009 -1.333e-009  1.333e-009 -3.396e-008
MODAL No:        8
NODE(ELEM) No             Z1                                  Z2                                 MID
       1  2.823e-009 -2.823e-009 -2.823e-009  2.823e-009 -2.634e+002  2.634e+002  2.634e+002 -2.634e+002  6.825e-008
       2 -2.634e+002  2.634e+002  2.634e+002 -2.634e+002 -1.022e+003  1.022e+003  1.022e+003 -1.022e+003  2.112e-007
       3 -1.022e+003  1.022e+003  1.022e+003 -1.022e+003 -2.245e+003  2.245e+003  2.245e+003 -2.245e+003  3.856e-007
       4 -2.245e+003  2.245e+003  2.245e+003 -2.245e+003 -3.899e+003  3.899e+003  3.899e+003 -3.899e+003  6.050e-007
       5 -3.899e+003  3.899e+003  3.899e+003 -3.899e+003 -5.954e+003  5.954e+003  5.954e+003 -5.954e+003  7.803e-007
       6 -5.954e+003  5.954e+003  5.954e+003 -5.954e+003 -8.379e+003  8.379e+003  8.379e+003 -8.379e+003  9.287e-007
       7 -8.379e+003  8.379e+003  8.379e+003 -8.379e+003 -1.114e+004  1.114e+004  1.114e+004 -1.114e+004  1.058e-006
       8 -1.114e+004  1.114e+004  1.114e+004 -1.114e+004 -1.421e+004  1.421e+004  1.421e+004 -1.421e+004  1.200e-006
       9 -1.421e+004  1.421e+004  1.421e+004 -1.421e+004 -1.756e+004  1.756e+004  1.756e+004 -1.756e+004  1.361e-006
      10 -1.756e+004  1.756e+004  1.756e+004 -1.756e+004 -2.115e+004  2.115e+004  2.115e+004 -2.115e+004  1.534e-006
      11 -2.115e+004  2.115e+004  2.115e+004 -2.115e+004 -2.495e+004  2.495e+004  2.495e+004 -2.495e+004  1.697e-006
      12 -2.495e+004  2.495e+004  2.495e+004 -2.495e+004 -2.894e+004  2.894e+004  2.894e+004 -2.894e+004  1.814e-006
      13 -2.894e+004  2.894e+004  2.894e+004 -2.894e+004 -3.309e+004  3.309e+004  3.309e+004 -3.309e+004  1.881e-006
      14 -3.309e+004  3.309e+004  3.309e+004 -3.309e+004 -3.737e+004  3.737e+004  3.737e+004 -3.737e+004  1.855e-006
      15 -3.737e+004  3.737e+004  3.737e+004 -3.737e+004 -4.174e+004  4.174e+004  4.174e+004 -4.174e+004  1.766e-006
      16 -3.613e+004  3.613e+004  3.613e+004 -3.613e+004 -4.006e+004  4.006e+004  4.006e+004 -4.006e+004  1.314e-006
      17 -4.006e+004  4.006e+004  4.006e+004 -4.006e+004 -4.412e+004  4.412e+004  4.412e+004 -4.412e+004  7.653e-007
      18 -4.412e+004  4.412e+004  4.412e+004 -4.412e+004 -4.825e+004  4.825e+004  4.825e+004 -4.825e+004  1.904e-007
      19 -4.825e+004  4.825e+004  4.825e+004 -4.825e+004 -5.238e+004  5.238e+004  5.238e+004 -5.238e+004 -1.839e-007
      20 -5.238e+004  5.238e+004  5.238e+004 -5.238e+004 -5.646e+004  5.646e+004  5.646e+004 -5.646e+004 -5.307e-007
      21 -5.646e+004  5.646e+004  5.646e+004 -5.646e+004 -6.040e+004  6.040e+004  6.040e+004 -6.040e+004 -6.699e-007
      22 -6.040e+004  6.040e+004  6.040e+004 -6.040e+004 -6.418e+004  6.418e+004  6.418e+004 -6.418e+004 -9.098e-007
      23 -6.418e+004  6.418e+004  6.418e+004 -6.418e+004 -6.772e+004  6.772e+004  6.772e+004 -6.772e+004 -1.188e-006
      24 -6.772e+004  6.772e+004  6.772e+004 -6.772e+004 -7.098e+004  7.098e+004  7.098e+004 -7.098e+004 -1.275e-006
      25 -7.098e+004  7.098e+004  7.098e+004 -7.098e+004 -7.392e+004  7.392e+004  7.392e+004 -7.392e+004 -1.328e-006
      26 -6.438e+004  6.438e+004  6.438e+004 -6.438e+004 -6.662e+004  6.662e+004  6.662e+004 -6.662e+004 -1.174e-006
      27 -6.662e+004  6.662e+004  6.662e+004 -6.662e+004 -6.852e+004  6.852e+004  6.852e+004 -6.852e+004 -1.140e-006
      28 -6.852e+004  6.852e+004  6.852e+004 -6.852e+004 -7.004e+004  7.004e+004  7.004e+004 -7.004e+004 -1.074e-006
      29 -7.004e+004  7.004e+004  7.004e+004 -7.004e+004 -7.115e+004  7.115e+004  7.115e+004 -7.115e+004 -1.089e-006
      30 -7.115e+004  7.115e+004  7.115e+004 -7.115e+004 -7.185e+004  7.185e+004  7.185e+004 -7.185e+004 -9.808e-007
      31 -7.185e+004  7.185e+004  7.185e+004 -7.185e+004 -7.212e+004  7.212e+004  7.212e+004 -7.212e+004 -6.613e-007
      32 -7.212e+004  7.212e+004  7.212e+004 -7.212e+004 -7.195e+004  7.195e+004  7.195e+004 -7.195e+004 -4.107e-007
      33 -7.195e+004  7.195e+004  7.195e+004 -7.195e+004 -7.132e+004  7.132e+004  7.132e+004 -7.132e+004 -1.912e-007
      34 -7.132e+004  7.132e+004  7.132e+004 -7.132e+004 -7.025e+004  7.025e+004  7.025e+004 -7.025e+004 -4.471e-008
      35 -7.025e+004  7.025e+004  7.025e+004 -7.025e+004 -6.872e+004  6.872e+004  6.872e+004 -6.872e+004  1.204e-007
      36 -6.089e+004  6.089e+004  6.089e+004 -6.089e+004 -5.911e+004  5.911e+004  5.911e+004 -5.911e+004  4.771e-007
      37 -5.911e+004  5.911e+004  5.911e+004 -5.911e+004 -5.694e+004  5.694e+004  5.694e+004 -5.694e+004  7.905e-007
      38 -5.694e+004  5.694e+004  5.694e+004 -5.694e+004 -5.440e+004  5.440e+004  5.440e+004 -5.440e+004  1.013e-006
      39 -5.440e+004  5.440e+004  5.440e+004 -5.440e+004 -5.151e+004  5.151e+004  5.151e+004 -5.151e+004  1.385e-006
      40 -5.151e+004  5.151e+004  5.151e+004 -5.151e+004 -4.828e+004  4.828e+004  4.828e+004 -4.828e+004  1.625e-006
      41 -4.828e+004  4.828e+004  4.828e+004 -4.828e+004 -4.473e+004  4.473e+004  4.473e+004 -4.473e+004  1.729e-006
      42 -4.473e+004  4.473e+004  4.473e+004 -4.473e+004 -4.088e+004  4.088e+004  4.088e+004 -4.088e+004  1.441e-006
      43 -4.088e+004  4.088e+004  4.088e+004 -4.088e+004 -3.676e+004  3.676e+004  3.676e+004 -3.676e+004  8.404e-007
      44 -3.676e+004  3.676e+004  3.676e+004 -3.676e+004 -3.240e+004  3.240e+004  3.240e+004 -3.240e+004  3.290e-007
      45 -3.240e+004  3.240e+004  3.240e+004 -3.240e+004 -2.782e+004  2.782e+004  2.782e+004 -2.782e+004 -2.839e-007
      46 -2.782e+004  2.782e+004  2.782e+004 -2.782e+004 -2.305e+004  2.305e+004  2.305e+004 -2.305e+004 -1.034e-006
      47 -2.305e+004  2.305e+004  2.305e+004 -2.305e+004 -1.813e+004  1.813e+004  1.813e+004 -1.813e+004 -1.624e-006
      48 -1.813e+004  1.813e+004  1.813e+004 -1.813e+004 -1.308e+004  1.308e+004  1.308e+004 -1.308e+004 -1.941e-006
      49 -1.308e+004  1.308e+004  1.308e+004 -1.308e+004 -7.952e+003  7.952e+003  7.952e+003 -7.952e+003 -1.887e-006
      50 -7.952e+003  7.952e+003  7.952e+003 -7.952e+003 -2.767e+003  2.767e+003  2.767e+003 -2.767e+003 -1.693e-006
      51 -2.767e+003  2.767e+003  2.767e+003 -2.767e+003  2.437e+003 -2.437e+003 -2.437e+003  2.437e+003 -1.397e-006
      52  2.437e+003 -2.437e+003 -2.437e+003  2.437e+003  7.624e+003 -7.624e+003 -7.624e+003  7.624e+003 -7.550e-007
      53  7.624e+003 -7.624e+003 -7.624e+003  7.624e+003  1.276e+004 -1.276e+004 -1.276e+004  1.276e+004 -5.840e-008
      54  1.276e+004 -1.276e+004 -1.276e+004  1.276e+004  1.781e+004 -1.781e+004 -1.781e+004  1.781e+004  4.340e-007
      55  1.781e+004 -1.781e+004 -1.781e+004  1.781e+004  2.274e+004 -2.274e+004 -2.274e+004  2.274e+004  8.395e-007
      56  2.274e+004 -2.274e+004 -2.274e+004  2.274e+004  2.752e+004 -2.752e+004 -2.752e+004  2.752e+004  8.841e-007
      57  2.752e+004 -2.752e+004 -2.752e+004  2.752e+004  3.211e+004 -3.211e+004 -3.211e+004  3.211e+004  1.035e-006
      58  3.211e+004 -3.211e+004 -3.211e+004  3.211e+004  3.649e+004 -3.649e+004 -3.649e+004  3.649e+004  1.052e-006
      59  3.649e+004 -3.649e+004 -3.649e+004  3.649e+004  4.063e+004 -4.063e+004 -4.063e+004  4.063e+004  1.057e-006
      60  4.063e+004 -4.063e+004 -4.063e+004  4.063e+004  4.450e+004 -4.450e+004 -4.450e+004  4.450e+004  1.061e-006
      61  4.450e+004 -4.450e+004 -4.450e+004  4.450e+004  4.807e+004 -4.807e+004 -4.807e+004  4.807e+004  1.041e-006
      62  4.807e+004 -4.807e+004 -4.807e+004  4.807e+004  5.132e+004 -5.132e+004 -5.132e+004  5.132e+004  1.130e-006
      63  5.132e+004 -5.132e+004 -5.132e+004  5.132e+004  5.424e+004 -5.424e+004 -5.424e+004  5.424e+004  1.200e-006
      64  5.424e+004 -5.424e+004 -5.424e+004  5.424e+004  5.680e+004 -5.680e+004 -5.680e+004  5.680e+004  1.092e-006
      65  5.680e+004 -5.680e+004 -5.680e+004  5.680e+004  5.899e+004 -5.899e+004 -5.899e+004  5.899e+004  9.530e-007
      66  5.899e+004 -5.899e+004 -5.899e+004  5.899e+004  6.080e+004 -6.080e+004 -6.080e+004  6.080e+004  9.914e-007
      67  6.080e+004 -6.080e+004 -6.080e+004  6.080e+004  6.222e+004 -6.222e+004 -6.222e+004  6.222e+004  1.009e-006
      68  6.222e+004 -6.222e+004 -6.222e+004  6.222e+004  6.324e+004 -6.324e+004 -6.324e+004  6.324e+004  7.250e-007
      69  6.324e+004 -6.324e+004 -6.324e+004  6.324e+004  6.386e+004 -6.386e+004 -6.386e+004  6.386e+004  4.731e-007
      70  6.386e+004 -6.386e+004 -6.386e+004  6.386e+004  6.409e+004 -6.409e+004 -6.409e+004  6.409e+004 -7.416e-008
      71  6.409e+004 -6.409e+004 -6.409e+004  6.409e+004  6.392e+004 -6.392e+004 -6.392e+004  6.392e+004 -6.841e-007
      72  6.392e+004 -6.392e+004 -6.392e+004  6.392e+004  6.336e+004 -6.336e+004 -6.336e+004  6.336e+004 -1.128e-006
      73  6.336e+004 -6.336e+004 -6.336e+004  6.336e+004  6.243e+004 -6.243e+004 -6.243e+004  6.243e+004 -1.401e-006
      74  6.243e+004 -6.243e+004 -6.243e+004  6.243e+004  6.113e+004 -6.113e+004 -6.113e+004  6.113e+004 -1.480e-006
      75  6.825e+004 -6.825e+004 -6.825e+004  6.825e+004  6.646e+004 -6.646e+004 -6.646e+004  6.646e+004 -1.758e-006
      76  6.646e+004 -6.646e+004 -6.646e+004  6.646e+004  6.434e+004 -6.434e+004 -6.434e+004  6.434e+004 -1.896e-006
      77  6.434e+004 -6.434e+004 -6.434e+004  6.434e+004  6.189e+004 -6.189e+004 -6.189e+004  6.189e+004 -1.935e-006
      78  6.189e+004 -6.189e+004 -6.189e+004  6.189e+004  5.915e+004 -5.915e+004 -5.915e+004  5.915e+004 -2.010e-006
      79  5.915e+004 -5.915e+004 -5.915e+004  5.915e+004  5.615e+004 -5.615e+004 -5.615e+004  5.615e+004 -2.070e-006
      80  5.615e+004 -5.615e+004 -5.615e+004  5.615e+004  5.293e+004 -5.293e+004 -5.293e+004  5.293e+004 -2.102e-006
      81  5.293e+004 -5.293e+004 -5.293e+004  5.293e+004  4.951e+004 -4.951e+004 -4.951e+004  4.951e+004 -1.832e-006
      82  4.951e+004 -4.951e+004 -4.951e+004  4.951e+004  4.594e+004 -4.594e+004 -4.594e+004  4.594e+004 -1.480e-006
      83  4.594e+004 -4.594e+004 -4.594e+004  4.594e+004  4.226e+004 -4.226e+004 -4.226e+004  4.226e+004 -1.035e-006
      84  4.226e+004 -4.226e+004 -4.226e+004  4.226e+004  3.852e+004 -3.852e+004 -3.852e+004  3.852e+004 -1.968e-007
      85  4.739e+004 -4.739e+004 -4.739e+004  4.739e+004  4.277e+004 -4.277e+004 -4.277e+004  4.277e+004  5.886e-007
      86  4.277e+004 -4.277e+004 -4.277e+004  4.277e+004  3.817e+004 -3.817e+004 -3.817e+004  3.817e+004  1.042e-006
      87  3.817e+004 -3.817e+004 -3.817e+004  3.817e+004  3.364e+004 -3.364e+004 -3.364e+004  3.364e+004  1.350e-006
      88  3.364e+004 -3.364e+004 -3.364e+004  3.364e+004  2.921e+004 -2.921e+004 -2.921e+004  2.921e+004  1.508e-006
      89  2.921e+004 -2.921e+004 -2.921e+004  2.921e+004  2.492e+004 -2.492e+004 -2.492e+004  2.492e+004  1.807e-006
      90  2.492e+004 -2.492e+004 -2.492e+004  2.492e+004  2.083e+004 -2.083e+004 -2.083e+004  2.083e+004  2.215e-006
      91  2.083e+004 -2.083e+004 -2.083e+004  2.083e+004  1.696e+004 -1.696e+004 -1.696e+004  1.696e+004  2.519e-006
      92  1.696e+004 -1.696e+004 -1.696e+004  1.696e+004  1.338e+004 -1.338e+004 -1.338e+004  1.338e+004  2.575e-006
      93  1.338e+004 -1.338e+004 -1.338e+004  1.338e+004  1.012e+004 -1.012e+004 -1.012e+004  1.012e+004  2.492e-006
      94  1.012e+004 -1.012e+004 -1.012e+004  1.012e+004  7.231e+003 -7.231e+003 -7.231e+003  7.231e+003  2.229e-006
      95  7.231e+003 -7.231e+003 -7.231e+003  7.231e+003  4.760e+003 -4.760e+003 -4.760e+003  4.760e+003  1.847e-006
      96  4.760e+003 -4.760e+003 -4.760e+003  4.760e+003  2.755e+003 -2.755e+003 -2.755e+003  2.755e+003  1.296e-006
      97  2.755e+003 -2.755e+003 -2.755e+003  2.755e+003  1.261e+003 -1.261e+003 -1.261e+003  1.261e+003  8.042e-007
      98  1.261e+003 -1.261e+003 -1.261e+003  1.261e+003  3.271e+002 -3.271e+002 -3.271e+002  3.271e+002  3.734e-007
      99  3.271e+002 -3.271e+002 -3.271e+002  3.271e+002  1.841e-009 -1.841e-009 -1.841e-009  1.841e-009  8.011e-008
MODAL No:        9
NODE(ELEM) No             Z1                                  Z2                                 MID
       1  1.129e-009 -1.129e-009 -1.129e-009  1.129e-009  8.614e+002 -8.614e+002 -8.614e+002  8.614e+002  6.523e-010
       2  8.614e+002 -8.614e+002 -8.614e+002  8.614e+002  3.304e+003 -3.304e+003 -3.304e+003  3.304e+003  2.082e-009
       3  3.304e+003 -3.304e+003 -3.304e+003  3.304e+003  7.185e+003 -7.185e+003 -7.185e+003  7.185e+003  4.142e-009
       4  7.185e+003 -7.185e+003 -7.185e+003  7.185e+003  1.236e+004 -1.236e+004 -1.236e+004  1.236e+004  6.022e-009
       5  1.236e+004 -1.236e+004 -1.236e+004  1.236e+004  1.870e+004 -1.870e+004 -1.870e+004  1.870e+004  8.065e-009
       6  1.870e+004 -1.870e+004 -1.870e+004  1.870e+004  2.605e+004 -2.605e+004 -2.605e+004  2.605e+004  9.525e-009
       7  2.605e+004 -2.605e+004 -2.605e+004  2.605e+004  3.427e+004 -3.427e+004 -3.427e+004  3.427e+004  1.089e-008
       8  3.427e+004 -3.427e+004 -3.427e+004  3.427e+004  4.323e+004 -4.323e+004 -4.323e+004  4.323e+004  1.247e-008
       9  4.323e+004 -4.323e+004 -4.323e+004  4.323e+004  5.280e+004 -5.280e+004 -5.280e+004  5.280e+004  1.416e-008
      10  5.280e+004 -5.280e+004 -5.280e+004  5.280e+004  6.284e+004 -6.284e+004 -6.284e+004  6.284e+004  1.641e-008
      11  6.284e+004 -6.284e+004 -6.284e+004  6.284e+004  7.322e+004 -7.322e+004 -7.322e+004  7.322e+004  1.824e-008
      12  7.322e+004 -7.322e+004 -7.322e+004  7.322e+004  8.383e+004 -8.383e+004 -8.383e+004  8.383e+004  1.976e-008
      13  8.383e+004 -8.383e+004 -8.383e+004  8.383e+004  9.454e+004 -9.454e+004 -9.454e+004  9.454e+004  2.066e-008
      14  9.454e+004 -9.454e+004 -9.454e+004  9.454e+004  1.053e+005 -1.053e+005 -1.053e+005  1.053e+005  2.073e-008
      15  1.053e+005 -1.053e+005 -1.053e+005  1.053e+005  1.159e+005 -1.159e+005 -1.159e+005  1.159e+005  1.968e-008
      16  1.003e+005 -1.003e+005 -1.003e+005  1.003e+005  1.091e+005 -1.091e+005 -1.091e+005  1.091e+005  1.440e-008
      17  1.091e+005 -1.091e+005 -1.091e+005  1.091e+005  1.171e+005 -1.171e+005 -1.171e+005  1.171e+005  8.758e-009
      18  1.171e+005 -1.171e+005 -1.171e+005  1.171e+005  1.242e+005 -1.242e+005 -1.242e+005  1.242e+005  1.952e-009
      19  1.242e+005 -1.242e+005 -1.242e+005  1.242e+005  1.300e+005 -1.300e+005 -1.300e+005  1.300e+005 -1.693e-009
      20  1.300e+005 -1.300e+005 -1.300e+005  1.300e+005  1.345e+005 -1.345e+005 -1.345e+005  1.345e+005 -5.437e-009
      21  1.345e+005 -1.345e+005 -1.345e+005  1.345e+005  1.376e+005 -1.376e+005 -1.376e+005  1.376e+005 -6.609e-009
      22  1.376e+005 -1.376e+005 -1.376e+005  1.376e+005  1.390e+005 -1.390e+005 -1.390e+005  1.390e+005 -9.263e-009
      23  1.390e+005 -1.390e+005 -1.390e+005  1.390e+005  1.388e+005 -1.388e+005 -1.388e+005  1.388e+005 -1.207e-008
      24  1.388e+005 -1.388e+005 -1.388e+005  1.388e+005  1.370e+005 -1.370e+005 -1.370e+005  1.370e+005 -1.351e-008
      25  1.370e+005 -1.370e+005 -1.370e+005  1.370e+005  1.334e+005 -1.334e+005 -1.334e+005  1.334e+005 -1.444e-008
      26  1.162e+005 -1.162e+005 -1.162e+005  1.162e+005  1.117e+005 -1.117e+005 -1.117e+005  1.117e+005 -1.283e-008
      27  1.117e+005 -1.117e+005 -1.117e+005  1.117e+005  1.057e+005 -1.057e+005 -1.057e+005  1.057e+005 -1.280e-008
      28  1.057e+005 -1.057e+005 -1.057e+005  1.057e+005  9.833e+004 -9.833e+004 -9.833e+004  9.833e+004 -1.237e-008
      29  9.833e+004 -9.833e+004 -9.833e+004  9.833e+004  8.970e+004 -8.970e+004 -8.970e+004  8.970e+004 -1.283e-008
      30  8.970e+004 -8.970e+004 -8.970e+004  8.970e+004  7.991e+004 -7.991e+004 -7.991e+004  7.991e+004 -1.206e-008
      31  7.991e+004 -7.991e+004 -7.991e+004  7.991e+004  6.907e+004 -6.907e+004 -6.907e+004  6.907e+004 -8.523e-009
      32  6.907e+004 -6.907e+004 -6.907e+004  6.907e+004  5.732e+004 -5.732e+004 -5.732e+004  5.732e+004 -5.860e-009
      33  5.732e+004 -5.732e+004 -5.732e+004  5.732e+004  4.482e+004 -4.482e+004 -4.482e+004  4.482e+004 -3.311e-009
      34  4.482e+004 -4.482e+004 -4.482e+004  4.482e+004  3.173e+004 -3.173e+004 -3.173e+004  3.173e+004 -1.163e-009
      35  3.173e+004 -3.173e+004 -3.173e+004  3.173e+004  1.822e+004 -1.822e+004 -1.822e+004  1.822e+004  8.679e-010
      36  1.614e+004 -1.614e+004 -1.614e+004  1.614e+004  3.648e+003 -3.648e+003 -3.648e+003  3.648e+003  5.365e-009
      37  3.648e+003 -3.648e+003 -3.648e+003  3.648e+003 -8.893e+003  8.893e+003  8.893e+003 -8.893e+003  8.701e-009
      38 -8.893e+003  8.893e+003  8.893e+003 -8.893e+003 -2.132e+004  2.132e+004  2.132e+004 -2.132e+004  1.154e-008
      39 -2.132e+004  2.132e+004  2.132e+004 -2.132e+004 -3.347e+004  3.347e+004  3.347e+004 -3.347e+004  1.610e-008
      40 -3.347e+004  3.347e+004  3.347e+004 -3.347e+004 -4.518e+004  4.518e+004  4.518e+004 -4.518e+004  1.947e-008
      41 -4.518e+004  4.518e+004  4.518e+004 -4.518e+004 -5.630e+004  5.630e+004  5.630e+004 -5.630e+004  2.098e-008
      42 -5.630e+004  5.630e+004  5.630e+004 -5.630e+004 -6.668e+004  6.668e+004  6.668e+004 -6.668e+004  1.771e-008
      43 -6.668e+004  6.668e+004  6.668e+004 -6.668e+004 -7.620e+004  7.620e+004  7.620e+004 -7.620e+004  1.040e-008
      44 -7.620e+004  7.620e+004  7.620e+004 -7.620e+004 -8.471e+004  8.471e+004  8.471e+004 -8.471e+004  5.036e-009
      45 -8.471e+004  8.471e+004  8.471e+004 -8.471e+004 -9.212e+004  9.212e+004  9.212e+004 -9.212e+004 -2.960e-009
      46 -9.212e+004  9.212e+004  9.212e+004 -9.212e+004 -9.832e+004  9.832e+004  9.832e+004 -9.832e+004 -1.198e-008
      47 -9.832e+004  9.832e+004  9.832e+004 -9.832e+004 -1.032e+005  1.032e+005  1.032e+005 -1.032e+005 -1.909e-008
      48 -1.032e+005  1.032e+005  1.032e+005 -1.032e+005 -1.068e+005  1.068e+005  1.068e+005 -1.068e+005 -2.272e-008
      49 -1.068e+005  1.068e+005  1.068e+005 -1.068e+005 -1.090e+005  1.090e+005  1.090e+005 -1.090e+005 -2.230e-008
      50 -1.090e+005  1.090e+005  1.090e+005 -1.090e+005 -1.097e+005  1.097e+005  1.097e+005 -1.097e+005 -1.983e-008
      51 -1.097e+005  1.097e+005  1.097e+005 -1.097e+005 -1.090e+005  1.090e+005  1.090e+005 -1.090e+005 -1.650e-008
      52 -1.090e+005  1.090e+005  1.090e+005 -1.090e+005 -1.069e+005  1.069e+005  1.069e+005 -1.069e+005 -8.774e-009
      53 -1.069e+005  1.069e+005  1.069e+005 -1.069e+005 -1.033e+005  1.033e+005  1.033e+005 -1.033e+005 -7.156e-010
      54 -1.033e+005  1.033e+005  1.033e+005 -1.033e+005 -9.846e+004  9.846e+004  9.846e+004 -9.846e+004  5.157e-009
      55 -9.846e+004  9.846e+004  9.846e+004 -9.846e+004 -9.228e+004  9.228e+004  9.228e+004 -9.228e+004  9.822e-009
      56 -9.228e+004  9.228e+004  9.228e+004 -9.228e+004 -8.489e+004  8.489e+004  8.489e+004 -8.489e+004  1.019e-008
      57 -8.489e+004  8.489e+004  8.489e+004 -8.489e+004 -7.639e+004  7.639e+004  7.639e+004 -7.639e+004  1.245e-008
      58 -7.639e+004  7.639e+004  7.639e+004 -7.639e+004 -6.687e+004  6.687e+004  6.687e+004 -6.687e+004  1.181e-008
      59 -6.687e+004  6.687e+004  6.687e+004 -6.687e+004 -5.648e+004  5.648e+004  5.648e+004 -5.648e+004  1.227e-008
      60 -5.648e+004  5.648e+004  5.648e+004 -5.648e+004 -4.533e+004  4.533e+004  4.533e+004 -4.533e+004  1.212e-008
      61 -4.533e+004  4.533e+004  4.533e+004 -4.533e+004 -3.358e+004  3.358e+004  3.358e+004 -3.358e+004  1.174e-008
      62 -3.358e+004  3.358e+004  3.358e+004 -3.358e+004 -2.138e+004  2.138e+004  2.138e+004 -2.138e+004  1.269e-008
      63 -2.138e+004  2.138e+004  2.138e+004 -2.138e+004 -8.885e+003  8.885e+003  8.885e+003 -8.885e+003  1.340e-008
      64 -8.885e+003  8.885e+003  8.885e+003 -8.885e+003  3.744e+003 -3.744e+003 -3.744e+003  3.744e+003  1.229e-008
      65  3.744e+003 -3.744e+003 -3.744e+003  3.744e+003  1.634e+004 -1.634e+004 -1.634e+004  1.634e+004  1.100e-008
      66  1.634e+004 -1.634e+004 -1.634e+004  1.634e+004  2.875e+004 -2.875e+004 -2.875e+004  2.875e+004  1.125e-008
      67  2.875e+004 -2.875e+004 -2.875e+004  2.875e+004  4.080e+004 -4.080e+004 -4.080e+004  4.080e+004  1.188e-008
      68  4.080e+004 -4.080e+004 -4.080e+004  4.080e+004  5.235e+004 -5.235e+004 -5.235e+004  5.235e+004  8.914e-009
      69  5.235e+004 -5.235e+004 -5.235e+004  5.235e+004  6.324e+004 -6.324e+004 -6.324e+004  6.324e+004  6.017e-009
      70  6.324e+004 -6.324e+004 -6.324e+004  6.324e+004  7.333e+004 -7.333e+004 -7.333e+004  7.333e+004 -4.637e-010
      71  7.333e+004 -7.333e+004 -7.333e+004  7.333e+004  8.251e+004 -8.251e+004 -8.251e+004  8.251e+004 -7.804e-009
      72  8.251e+004 -8.251e+004 -8.251e+004  8.251e+004  9.065e+004 -9.065e+004 -9.065e+004  9.065e+004 -1.266e-008
      73  9.065e+004 -9.065e+004 -9.065e+004  9.065e+004  9.765e+004 -9.765e+004 -9.765e+004  9.765e+004 -1.565e-008
      74  9.765e+004 -9.765e+004 -9.765e+004  9.765e+004  1.034e+005 -1.034e+005 -1.034e+005  1.034e+005 -1.686e-008
      75  1.155e+005 -1.155e+005 -1.155e+005  1.155e+005  1.204e+005 -1.204e+005 -1.204e+005  1.204e+005 -1.971e-008
      76  1.204e+005 -1.204e+005 -1.204e+005  1.204e+005  1.238e+005 -1.238e+005 -1.238e+005  1.238e+005 -2.192e-008
      77  1.238e+005 -1.238e+005 -1.238e+005  1.238e+005  1.259e+005 -1.259e+005 -1.259e+005  1.259e+005 -2.257e-008
      78  1.259e+005 -1.259e+005 -1.259e+005  1.259e+005  1.265e+005 -1.265e+005 -1.265e+005  1.265e+005 -2.291e-008
      79  1.265e+005 -1.265e+005 -1.265e+005  1.265e+005  1.256e+005 -1.256e+005 -1.256e+005  1.256e+005 -2.474e-008
      80  1.256e+005 -1.256e+005 -1.256e+005  1.256e+005  1.233e+005 -1.233e+005 -1.233e+005  1.233e+005 -2.493e-008
      81  1.233e+005 -1.233e+005 -1.233e+005  1.233e+005  1.197e+005 -1.197e+005 -1.197e+005  1.197e+005 -2.198e-008
      82  1.197e+005 -1.197e+005 -1.197e+005  1.197e+005  1.149e+005 -1.149e+005 -1.149e+005  1.149e+005 -1.782e-008
      83  1.149e+005 -1.149e+005 -1.149e+005  1.149e+005  1.088e+005 -1.088e+005 -1.088e+005  1.088e+005 -1.336e-008
      84  1.088e+005 -1.088e+005 -1.088e+005  1.088e+005  1.017e+005 -1.017e+005 -1.017e+005  1.017e+005 -2.909e-009
      85  1.252e+005 -1.252e+005 -1.252e+005  1.252e+005  1.155e+005 -1.155e+005 -1.155e+005  1.155e+005  6.434e-009
      86  1.155e+005 -1.155e+005 -1.155e+005  1.155e+005  1.053e+005 -1.053e+005 -1.053e+005  1.053e+005  1.223e-008
      87  1.053e+005 -1.053e+005 -1.053e+005  1.053e+005  9.472e+004 -9.472e+004 -9.472e+004  9.472e+004  1.560e-008
      88  9.472e+004 -9.472e+004 -9.472e+004  9.472e+004  8.383e+004 -8.383e+004 -8.383e+004  8.383e+004  1.779e-008
      89  8.383e+004 -8.383e+004 -8.383e+004  8.383e+004  7.284e+004 -7.284e+004 -7.284e+004  7.284e+004  2.129e-008
      90  7.284e+004 -7.284e+004 -7.284e+004  7.284e+004  6.191e+004 -6.191e+004 -6.191e+004  6.191e+004  2.618e-008
      91  6.191e+004 -6.191e+004 -6.191e+004  6.191e+004  5.124e+004 -5.124e+004 -5.124e+004  5.124e+004  3.011e-008
      92  5.124e+004 -5.124e+004 -5.124e+004  5.124e+004  4.103e+004 -4.103e+004 -4.103e+004  4.103e+004  3.051e-008
      93  4.103e+004 -4.103e+004 -4.103e+004  4.103e+004  3.148e+004 -3.148e+004 -3.148e+004  3.148e+004  2.944e-008
      94  3.148e+004 -3.148e+004 -3.148e+004  3.148e+004  2.280e+004 -2.280e+004 -2.280e+004  2.280e+004  2.616e-008
      95  2.280e+004 -2.280e+004 -2.280e+004  2.280e+004  1.521e+004 -1.521e+004 -1.521e+004  1.521e+004  2.143e-008
      96  1.521e+004 -1.521e+004 -1.521e+004  1.521e+004  8.910e+003 -8.910e+003 -8.910e+003  8.910e+003  1.514e-008
      97  8.910e+003 -8.910e+003 -8.910e+003  8.910e+003  4.130e+003 -4.130e+003 -4.130e+003  4.130e+003  9.905e-009
      98  4.130e+003 -4.130e+003 -4.130e+003  4.130e+003  1.087e+003 -1.087e+003 -1.087e+003  1.087e+003  4.542e-009
      99  1.087e+003 -1.087e+003 -1.087e+003  1.087e+003  2.815e-010 -2.815e-010 -2.815e-010  2.815e-010  7.387e-010
MODAL No:       10
NODE(ELEM) No             Z1                                  Z2                                 MID
       1  1.129e-009 -1.129e-009 -1.129e-009  1.129e-009 -2.077e+003  2.077e+003  2.077e+003 -2.077e+003 -2.205e-009
       2 -2.077e+003  2.077e+003  2.077e+003 -2.077e+003 -7.857e+003  7.857e+003  7.857e+003 -7.857e+003 -6.158e-009
       3 -7.857e+003  7.857e+003  7.857e+003 -7.857e+003 -1.689e+004  1.689e+004  1.689e+004 -1.689e+004 -1.101e-008
       4 -1.689e+004  1.689e+004  1.689e+004 -1.689e+004 -2.872e+004  2.872e+004  2.872e+004 -2.872e+004 -1.697e-008
       5 -2.872e+004  2.872e+004  2.872e+004 -2.872e+004 -4.291e+004  4.291e+004  4.291e+004 -4.291e+004 -2.091e-008
       6 -4.291e+004  4.291e+004  4.291e+004 -4.291e+004 -5.900e+004  5.900e+004  5.900e+004 -5.900e+004 -2.464e-008
       7 -5.900e+004  5.900e+004  5.900e+004 -5.900e+004 -7.656e+004  7.656e+004  7.656e+004 -7.656e+004 -2.838e-008
       8 -7.656e+004  7.656e+004  7.656e+004 -7.656e+004 -9.518e+004  9.518e+004  9.518e+004 -9.518e+004 -3.228e-008
       9 -9.518e+004  9.518e+004  9.518e+004 -9.518e+004 -1.144e+005  1.144e+005  1.144e+005 -1.144e+005 -3.740e-008
      10 -1.144e+005  1.144e+005  1.144e+005 -1.144e+005 -1.339e+005  1.339e+005  1.339e+005 -1.339e+005 -4.362e-008
      11 -1.339e+005  1.339e+005  1.339e+005 -1.339e+005 -1.533e+005  1.533e+005  1.533e+005 -1.533e+005 -4.901e-008
      12 -1.533e+005  1.533e+005  1.533e+005 -1.533e+005 -1.723e+005  1.723e+005  1.723e+005 -1.723e+005 -5.378e-008
      13 -1.723e+005  1.723e+005  1.723e+005 -1.723e+005 -1.905e+005  1.905e+005  1.905e+005 -1.905e+005 -5.671e-008
      14 -1.905e+005  1.905e+005  1.905e+005 -1.905e+005 -2.077e+005  2.077e+005  2.077e+005 -2.077e+005 -5.649e-008
      15 -2.077e+005  2.077e+005  2.077e+005 -2.077e+005 -2.237e+005  2.237e+005  2.237e+005 -2.237e+005 -5.408e-008
      16 -1.936e+005  1.936e+005  1.936e+005 -1.936e+005 -2.048e+005  2.048e+005  2.048e+005 -2.048e+005 -4.011e-008
      17 -2.048e+005  2.048e+005  2.048e+005 -2.048e+005 -2.116e+005  2.116e+005  2.116e+005 -2.116e+005 -2.306e-008
      18 -2.116e+005  2.116e+005  2.116e+005 -2.116e+005 -2.138e+005  2.138e+005  2.138e+005 -2.138e+005 -4.796e-009
      19 -2.138e+005  2.138e+005  2.138e+005 -2.138e+005 -2.111e+005  2.111e+005  2.111e+005 -2.111e+005  5.040e-009
      20 -2.111e+005  2.111e+005  2.111e+005 -2.111e+005 -2.037e+005  2.037e+005  2.037e+005 -2.037e+005  1.555e-008
      21 -2.037e+005  2.037e+005  2.037e+005 -2.037e+005 -1.916e+005  1.916e+005  1.916e+005 -1.916e+005  1.913e-008
      22 -1.916e+005  1.916e+005  1.916e+005 -1.916e+005 -1.751e+005  1.751e+005  1.751e+005 -1.751e+005  2.579e-008
      23 -1.751e+005  1.751e+005  1.751e+005 -1.751e+005 -1.544e+005  1.544e+005  1.544e+005 -1.544e+005  3.313e-008
      24 -1.544e+005  1.544e+005  1.544e+005 -1.544e+005 -1.301e+005  1.301e+005  1.301e+005 -1.301e+005  3.692e-008
      25 -1.301e+005  1.301e+005  1.301e+005 -1.301e+005 -1.028e+005  1.028e+005  1.028e+005 -1.028e+005  3.869e-008
      26 -8.949e+004  8.949e+004  8.949e+004 -8.949e+004 -6.346e+004  6.346e+004  6.346e+004 -6.346e+004  3.578e-008
      27 -6.346e+004  6.346e+004  6.346e+004 -6.346e+004 -3.582e+004  3.582e+004  3.582e+004 -3.582e+004  3.595e-008
      28 -3.582e+004  3.582e+004  3.582e+004 -3.582e+004 -7.215e+003  7.215e+003  7.215e+003 -7.215e+003  3.613e-008
      29 -7.215e+003  7.215e+003  7.215e+003 -7.215e+003  2.171e+004 -2.171e+004 -2.171e+004  2.171e+004  3.702e-008
      30  2.171e+004 -2.171e+004 -2.171e+004  2.171e+004  5.030e+004 -5.030e+004 -5.030e+004  5.030e+004  3.367e-008
      31  5.030e+004 -5.030e+004 -5.030e+004  5.030e+004  7.791e+004 -7.791e+004 -7.791e+004  7.791e+004  2.446e-008
      32  7.791e+004 -7.791e+004 -7.791e+004  7.791e+004  1.039e+005 -1.039e+005 -1.039e+005  1.039e+005  1.690e-008
      33  1.039e+005 -1.039e+005 -1.039e+005  1.039e+005  1.278e+005 -1.278e+005 -1.278e+005  1.278e+005  9.220e-009
      34  1.278e+005 -1.278e+005 -1.278e+005  1.278e+005  1.489e+005 -1.489e+005 -1.489e+005  1.489e+005  4.052e-009
      35  1.489e+005 -1.489e+005 -1.489e+005  1.489e+005  1.668e+005 -1.668e+005 -1.668e+005  1.668e+005 -2.432e-009
      36  1.478e+005 -1.478e+005 -1.478e+005  1.478e+005  1.609e+005 -1.609e+005 -1.609e+005  1.609e+005 -1.489e-008
      37  1.609e+005 -1.609e+005 -1.609e+005  1.609e+005  1.706e+005 -1.706e+005 -1.706e+005  1.706e+005 -2.709e-008
      38  1.706e+005 -1.706e+005 -1.706e+005  1.706e+005  1.767e+005 -1.767e+005 -1.767e+005  1.767e+005 -3.559e-008
      39  1.767e+005 -1.767e+005 -1.767e+005  1.767e+005  1.791e+005 -1.791e+005 -1.791e+005  1.791e+005 -4.879e-008
      40  1.791e+005 -1.791e+005 -1.791e+005  1.791e+005  1.776e+005 -1.776e+005 -1.776e+005  1.776e+005 -5.705e-008
      41  1.776e+005 -1.776e+005 -1.776e+005  1.776e+005  1.723e+005 -1.723e+005 -1.723e+005  1.723e+005 -6.100e-008
      42  1.723e+005 -1.723e+005 -1.723e+005  1.723e+005  1.634e+005 -1.634e+005 -1.634e+005  1.634e+005 -5.116e-008
      43  1.634e+005 -1.634e+005 -1.634e+005  1.634e+005  1.511e+005 -1.511e+005 -1.511e+005  1.511e+005 -3.023e-008
      44  1.511e+005 -1.511e+005 -1.511e+005  1.511e+005  1.355e+005 -1.355e+005 -1.355e+005  1.355e+005 -1.309e-008
      45  1.355e+005 -1.355e+005 -1.355e+005  1.355e+005  1.170e+005 -1.170e+005 -1.170e+005  1.170e+005  9.391e-009
      46  1.170e+005 -1.170e+005 -1.170e+005  1.170e+005  9.611e+004 -9.611e+004 -9.611e+004  9.611e+004  3.584e-008
      47  9.611e+004 -9.611e+004 -9.611e+004  9.611e+004  7.312e+004 -7.312e+004 -7.312e+004  7.312e+004  5.596e-008
      48  7.312e+004 -7.312e+004 -7.312e+004  7.312e+004  4.859e+004 -4.859e+004 -4.859e+004  4.859e+004  6.699e-008
      49  4.859e+004 -4.859e+004 -4.859e+004  4.859e+004  2.301e+004 -2.301e+004 -2.301e+004  2.301e+004  6.492e-008
      50  2.301e+004 -2.301e+004 -2.301e+004  2.301e+004 -3.051e+003  3.051e+003  3.051e+003 -3.051e+003  5.925e-008
      51 -3.051e+003  3.051e+003  3.051e+003 -3.051e+003 -2.906e+004  2.906e+004  2.906e+004 -2.906e+004  4.963e-008
      52 -2.906e+004  2.906e+004  2.906e+004 -2.906e+004 -5.445e+004  5.445e+004  5.445e+004 -5.445e+004  2.642e-008
      53 -5.445e+004  5.445e+004  5.445e+004 -5.445e+004 -7.869e+004  7.869e+004  7.869e+004 -7.869e+004  3.494e-009
      54 -7.869e+004  7.869e+004  7.869e+004 -7.869e+004 -1.013e+005  1.013e+005  1.013e+005 -1.013e+005 -1.381e-008
      55 -1.013e+005  1.013e+005  1.013e+005 -1.013e+005 -1.217e+005  1.217e+005  1.217e+005 -1.217e+005 -2.785e-008
      56 -1.217e+005  1.217e+005  1.217e+005 -1.217e+005 -1.396e+005  1.396e+005  1.396e+005 -1.396e+005 -2.936e-008
      57 -1.396e+005  1.396e+005  1.396e+005 -1.396e+005 -1.545e+005  1.545e+005  1.545e+005 -1.545e+005 -3.423e-008
      58 -1.545e+005  1.545e+005  1.545e+005 -1.545e+005 -1.661e+005  1.661e+005  1.661e+005 -1.661e+005 -3.454e-008
      59 -1.661e+005  1.661e+005  1.661e+005 -1.661e+005 -1.743e+005  1.743e+005  1.743e+005 -1.743e+005 -3.331e-008
      60 -1.743e+005  1.743e+005  1.743e+005 -1.743e+005 -1.787e+005  1.787e+005  1.787e+005 -1.787e+005 -3.238e-008
      61 -1.787e+005  1.787e+005  1.787e+005 -1.787e+005 -1.794e+005  1.794e+005  1.794e+005 -1.794e+005 -3.319e-008
      62 -1.794e+005  1.794e+005  1.794e+005 -1.794e+005 -1.763e+005  1.763e+005  1.763e+005 -1.763e+005 -3.806e-008
      63 -1.763e+005  1.763e+005  1.763e+005 -1.763e+005 -1.695e+005  1.695e+005  1.695e+005 -1.695e+005 -4.107e-008
      64 -1.695e+005  1.695e+005  1.695e+005 -1.695e+005 -1.591e+005  1.591e+005  1.591e+005 -1.591e+005 -3.837e-008
      65 -1.591e+005  1.591e+005  1.591e+005 -1.591e+005 -1.454e+005  1.454e+005  1.454e+005 -1.454e+005 -3.288e-008
      66 -1.454e+005  1.454e+005  1.454e+005 -1.454e+005 -1.286e+005  1.286e+005  1.286e+005 -1.286e+005 -3.433e-008
      67 -1.286e+005  1.286e+005  1.286e+005 -1.286e+005 -1.091e+005  1.091e+005  1.091e+005 -1.091e+005 -3.541e-008
      68 -1.091e+005  1.091e+005  1.091e+005 -1.091e+005 -8.738e+004  8.738e+004  8.738e+004 -8.738e+004 -2.591e-008
      69 -8.738e+004  8.738e+004  8.738e+004 -8.738e+004 -6.385e+004  6.385e+004  6.385e+004 -6.385e+004 -1.724e-008
      70 -6.385e+004  6.385e+004  6.385e+004 -6.385e+004 -3.903e+004  3.903e+004  3.903e+004 -3.903e+004  6.722e-010
      71 -3.903e+004  3.903e+004  3.903e+004 -3.903e+004 -1.346e+004  1.346e+004  1.346e+004 -1.346e+004  2.206e-008
      72 -1.346e+004  1.346e+004  1.346e+004 -1.346e+004  1.231e+004 -1.231e+004 -1.231e+004  1.231e+004  3.640e-008
      73  1.231e+004 -1.231e+004 -1.231e+004  1.231e+004  3.771e+004 -3.771e+004 -3.771e+004  3.771e+004  4.472e-008
      74  3.771e+004 -3.771e+004 -3.771e+004  3.771e+004  6.220e+004 -6.220e+004 -6.220e+004  6.220e+004  4.795e-008
      75  6.944e+004 -6.944e+004 -6.944e+004  6.944e+004  9.453e+004 -9.453e+004 -9.453e+004  9.453e+004  5.689e-008
      76  9.453e+004 -9.453e+004 -9.453e+004  9.453e+004  1.176e+005 -1.176e+005 -1.176e+005  1.176e+005  6.207e-008
      77  1.176e+005 -1.176e+005 -1.176e+005  1.176e+005  1.381e+005 -1.381e+005 -1.381e+005  1.381e+005  6.373e-008
      78  1.381e+005 -1.381e+005 -1.381e+005  1.381e+005  1.556e+005 -1.556e+005 -1.556e+005  1.556e+005  6.720e-008
      79  1.556e+005 -1.556e+005 -1.556e+005  1.556e+005  1.699e+005 -1.699e+005 -1.699e+005  1.699e+005  7.072e-008
      80  1.699e+005 -1.699e+005 -1.699e+005  1.699e+005  1.805e+005 -1.805e+005 -1.805e+005  1.805e+005  7.375e-008
      81  1.805e+005 -1.805e+005 -1.805e+005  1.805e+005  1.873e+005 -1.873e+005 -1.873e+005  1.873e+005  6.514e-008
      82  1.873e+005 -1.873e+005 -1.873e+005  1.873e+005  1.902e+005 -1.902e+005 -1.902e+005  1.902e+005  5.294e-008
      83  1.902e+005 -1.902e+005 -1.902e+005  1.902e+005  1.891e+005 -1.891e+005 -1.891e+005  1.891e+005  3.807e-008
      84  1.891e+005 -1.891e+005 -1.891e+005  1.891e+005  1.841e+005 -1.841e+005 -1.841e+005  1.841e+005  9.385e-009
      85  2.266e+005 -2.266e+005 -2.266e+005  2.266e+005  2.167e+005 -2.167e+005 -2.167e+005  2.167e+005 -1.791e-008
      86  2.167e+005 -2.167e+005 -2.167e+005  2.167e+005  2.041e+005 -2.041e+005 -2.041e+005  2.041e+005 -3.427e-008
      87  2.041e+005 -2.041e+005 -2.041e+005  2.041e+005  1.891e+005 -1.891e+005 -1.891e+005  1.891e+005 -4.452e-008
      88  1.891e+005 -1.891e+005 -1.891e+005  1.891e+005  1.721e+005 -1.721e+005 -1.721e+005  1.721e+005 -5.073e-008
      89  1.721e+005 -1.721e+005 -1.721e+005  1.721e+005  1.533e+005 -1.533e+005 -1.533e+005  1.533e+005 -6.067e-008
      90  1.533e+005 -1.533e+005 -1.533e+005  1.533e+005  1.334e+005 -1.334e+005 -1.334e+005  1.334e+005 -7.464e-008
      91  1.334e+005 -1.334e+005 -1.334e+005  1.334e+005  1.128e+005 -1.128e+005 -1.128e+005  1.128e+005 -8.500e-008
      92  1.128e+005 -1.128e+005 -1.128e+005  1.128e+005  9.217e+004 -9.217e+004 -9.217e+004  9.217e+004 -8.760e-008
      93  9.217e+004 -9.217e+004 -9.217e+004  9.217e+004  7.202e+004 -7.202e+004 -7.202e+004  7.202e+004 -8.405e-008
      94  7.202e+004 -7.202e+004 -7.202e+004  7.202e+004  5.306e+004 -5.306e+004 -5.306e+004  5.306e+004 -7.673e-008
      95  5.306e+004 -5.306e+004 -5.306e+004  5.306e+004  3.594e+004 -3.594e+004 -3.594e+004  3.594e+004 -6.368e-008
      96  3.594e+004 -3.594e+004 -3.594e+004  3.594e+004  2.137e+004 -2.137e+004 -2.137e+004  2.137e+004 -4.526e-008
      97  2.137e+004 -2.137e+004 -2.137e+004  2.137e+004  1.005e+004 -1.005e+004 -1.005e+004  1.005e+004 -2.840e-008
      98  1.005e+004 -1.005e+004 -1.005e+004  1.005e+004  2.690e+003 -2.690e+003 -2.690e+003  2.690e+003 -1.402e-008
      99  2.690e+003 -2.690e+003 -2.690e+003  2.690e+003 -4.923e-009  4.923e-009  4.923e-009 -4.923e-009 -3.077e-009
