NODE    ELEM     MODAL
100      99       4       
       2 -3.745e+001  3.745e+001  3.745e+001 -3.745e+001 -1.469e+002  1.469e+002  1.469e+002 -1.469e+002 -1.136e-007
       3 -1.469e+002  1.469e+002  1.469e+002 -1.469e+002 -3.255e+002  3.255e+002  3.255e+002 -3.255e+002 -2.072e-007
       4 -3.255e+002  3.255e+002  3.255e+002 -3.255e+002 -5.702e+002  5.702e+002  5.702e+002 -5.702e+002 -3.259e-007
       5 -5.702e+002  5.702e+002  5.702e+002 -5.702e+002 -8.783e+002  8.783e+002  8.783e+002 -8.783e+002 -4.247e-007
       6 -8.783e+002  8.783e+002  8.783e+002 -8.783e+002 -1.247e+003  1.247e+003  1.247e+003 -1.247e+003 -5.094e-007
       7 -1.247e+003  1.247e+003  1.247e+003 -1.247e+003 -1.673e+003  1.673e+003  1.673e+003 -1.673e+003 -5.832e-007
       8 -1.673e+003  1.673e+003  1.673e+003 -1.673e+003 -2.153e+003  2.153e+003  2.153e+003 -2.153e+003 -6.628e-007
       9 -2.153e+003  2.153e+003  2.153e+003 -2.153e+003 -2.686e+003  2.686e+003  2.686e+003 -2.686e+003 -7.498e-007
      10 -2.686e+003  2.686e+003  2.686e+003 -2.686e+003 -3.267e+003  3.267e+003  3.267e+003 -3.267e+003 -8.465e-007
      11 -3.267e+003  3.267e+003  3.267e+003 -3.267e+003 -3.894e+003  3.894e+003  3.894e+003 -3.894e+003 -9.403e-007
      12 -3.894e+003  3.894e+003  3.894e+003 -3.894e+003 -4.564e+003  4.564e+003  4.564e+003 -4.564e+003 -1.008e-006
      13 -4.564e+003  4.564e+003  4.564e+003 -4.564e+003 -5.275e+003  5.275e+003  5.275e+003 -5.275e+003 -1.043e-006
      14 -5.275e+003  5.275e+003  5.275e+003 -5.275e+003 -6.023e+003  6.023e+003  6.023e+003 -6.023e+003 -1.027e-006
      15 -6.023e+003  6.023e+003  6.023e+003 -6.023e+003 -6.806e+003  6.806e+003  6.806e+003 -6.806e+003 -9.800e-007
      16 -5.891e+003  5.891e+003  5.891e+003 -5.891e+003 -6.627e+003  6.627e+003  6.627e+003 -6.627e+003 -7.366e-007
      17 -6.627e+003  6.627e+003  6.627e+003 -6.627e+003 -7.446e+003  7.446e+003  7.446e+003 -7.446e+003 -4.437e-007
      18 -7.446e+003  7.446e+003  7.446e+003 -7.446e+003 -8.339e+003  8.339e+003  8.339e+003 -8.339e+003 -1.223e-007
      19 -8.339e+003  8.339e+003  8.339e+003 -8.339e+003 -9.298e+003  9.298e+003  9.298e+003 -9.298e+003  8.734e-008
      20 -9.298e+003  9.298e+003  9.298e+003 -9.298e+003 -1.032e+004  1.032e+004  1.032e+004 -1.032e+004  2.642e-007
      21 -1.032e+004  1.032e+004  1.032e+004 -1.032e+004 -1.139e+004  1.139e+004  1.139e+004 -1.139e+004  3.311e-007
      22 -1.139e+004  1.139e+004  1.139e+004 -1.139e+004 -1.251e+004  1.251e+004  1.251e+004 -1.251e+004  4.576e-007
      23 -1.251e+004  1.251e+004  1.251e+004 -1.251e+004 -1.366e+004  1.366e+004  1.366e+004 -1.366e+004  6.143e-007
      24 -1.366e+004  1.366e+004  1.366e+004 -1.366e+004 -1.484e+004  1.484e+004  1.484e+004 -1.484e+004  6.872e-007
      25 -1.484e+004  1.484e+004  1.484e+004 -1.484e+004 -1.605e+004  1.605e+004  1.605e+004 -1.605e+004  7.450e-007
      26 -1.398e+004  1.398e+004  1.398e+004 -1.398e+004 -1.505e+004  1.505e+004  1.505e+004 -1.505e+004  6.641e-007
      27 -1.505e+004  1.505e+004  1.505e+004 -1.505e+004 -1.612e+004  1.612e+004  1.612e+004 -1.612e+004  6.299e-007
      28 -1.612e+004  1.612e+004  1.612e+004 -1.612e+004 -1.720e+004  1.720e+004  1.720e+004 -1.720e+004  5.846e-007
      29 -1.720e+004  1.720e+004  1.720e+004 -1.720e+004 -1.828e+004  1.828e+004  1.828e+004 -1.828e+004  6.076e-007
      30 -1.828e+004  1.828e+004  1.828e+004 -1.828e+004 -1.935e+004  1.935e+004  1.935e+004 -1.935e+004  5.745e-007
      31 -1.935e+004  1.935e+004  1.935e+004 -1.935e+004 -2.041e+004  2.041e+004  2.041e+004 -2.041e+004  4.125e-007
      32 -2.041e+004  2.041e+004  2.041e+004 -2.041e+004 -2.145e+004  2.145e+004  2.145e+004 -2.145e+004  2.645e-007
      33 -2.145e+004  2.145e+004  2.145e+004 -2.145e+004 -2.247e+004  2.247e+004  2.247e+004 -2.247e+004  1.334e-007
      34 -2.247e+004  2.247e+004  2.247e+004 -2.247e+004 -2.346e+004  2.346e+004  2.346e+004 -2.346e+004  4.907e-008
      35 -2.346e+004  2.346e+004  2.346e+004 -2.346e+004 -2.442e+004  2.442e+004  2.442e+004 -2.442e+004 -4.894e-008
      36 -2.164e+004  2.164e+004  2.164e+004 -2.164e+004 -2.248e+004  2.248e+004  2.248e+004 -2.248e+004 -2.360e-007
      37 -2.248e+004  2.248e+004  2.248e+004 -2.248e+004 -2.328e+004  2.328e+004  2.328e+004 -2.328e+004 -3.932e-007
      38 -2.328e+004  2.328e+004  2.328e+004 -2.328e+004 -2.405e+004  2.405e+004  2.405e+004 -2.405e+004 -5.042e-007
      39 -2.405e+004  2.405e+004  2.405e+004 -2.405e+004 -2.478e+004  2.478e+004  2.478e+004 -2.478e+004 -7.226e-007
      40 -2.478e+004  2.478e+004  2.478e+004 -2.478e+004 -2.546e+004  2.546e+004  2.546e+004 -2.546e+004 -8.795e-007
      41 -2.546e+004  2.546e+004  2.546e+004 -2.546e+004 -2.609e+004  2.609e+004  2.609e+004 -2.609e+004 -9.567e-007
      42 -2.609e+004  2.609e+004  2.609e+004 -2.609e+004 -2.668e+004  2.668e+004  2.668e+004 -2.668e+004 -8.123e-007
      43 -2.668e+004  2.668e+004  2.668e+004 -2.668e+004 -2.721e+004  2.721e+004  2.721e+004 -2.721e+004 -4.944e-007
      44 -2.721e+004  2.721e+004  2.721e+004 -2.721e+004 -2.769e+004  2.769e+004  2.769e+004 -2.769e+004 -2.126e-007
      45 -2.769e+004  2.769e+004  2.769e+004 -2.769e+004 -2.811e+004  2.811e+004  2.811e+004 -2.811e+004  1.268e-007
      46 -2.811e+004  2.811e+004  2.811e+004 -2.811e+004 -2.847e+004  2.847e+004  2.847e+004 -2.847e+004  5.421e-007
      47 -2.847e+004  2.847e+004  2.847e+004 -2.847e+004 -2.877e+004  2.877e+004  2.877e+004 -2.877e+004  8.770e-007
      48 -2.877e+004  2.877e+004  2.877e+004 -2.877e+004 -2.902e+004  2.902e+004  2.902e+004 -2.902e+004  1.047e-006
      49 -2.902e+004  2.902e+004  2.902e+004 -2.902e+004 -2.920e+004  2.920e+004  2.920e+004 -2.920e+004  1.010e-006
      50 -2.920e+004  2.920e+004  2.920e+004 -2.920e+004 -2.932e+004  2.932e+004  2.932e+004 -2.932e+004  8.966e-007
      51 -2.932e+004  2.932e+004  2.932e+004 -2.932e+004 -2.937e+004  2.937e+004  2.937e+004 -2.937e+004  7.356e-007
      52 -2.937e+004  2.937e+004  2.937e+004 -2.937e+004 -2.937e+004  2.937e+004  2.937e+004 -2.937e+004  3.816e-007
      53 -2.937e+004  2.937e+004  2.937e+004 -2.937e+004 -2.930e+004  2.930e+004  2.930e+004 -2.930e+004 -5.825e-009
      54 -2.930e+004  2.930e+004  2.930e+004 -2.930e+004 -2.916e+004  2.916e+004  2.916e+004 -2.916e+004 -2.652e-007
      55 -2.916e+004  2.916e+004  2.916e+004 -2.916e+004 -2.897e+004  2.897e+004  2.897e+004 -2.897e+004 -4.676e-007
      56 -2.897e+004  2.897e+004  2.897e+004 -2.897e+004 -2.871e+004  2.871e+004  2.871e+004 -2.871e+004 -4.891e-007
      57 -2.871e+004  2.871e+004  2.871e+004 -2.871e+004 -2.840e+004  2.840e+004  2.840e+004 -2.840e+004 -5.732e-007
      58 -2.840e+004  2.840e+004  2.840e+004 -2.840e+004 -2.802e+004  2.802e+004  2.802e+004 -2.802e+004 -5.953e-007
      59 -2.802e+004  2.802e+004  2.802e+004 -2.802e+004 -2.759e+004  2.759e+004  2.759e+004 -2.759e+004 -6.055e-007
      60 -2.759e+004  2.759e+004  2.759e+004 -2.759e+004 -2.710e+004  2.710e+004  2.710e+004 -2.710e+004 -6.058e-007
      61 -2.710e+004  2.710e+004  2.710e+004 -2.710e+004 -2.655e+004  2.655e+004  2.655e+004 -2.655e+004 -5.723e-007
      62 -2.655e+004  2.655e+004  2.655e+004 -2.655e+004 -2.596e+004  2.596e+004  2.596e+004 -2.596e+004 -5.891e-007
      63 -2.596e+004  2.596e+004  2.596e+004 -2.596e+004 -2.531e+004  2.531e+004  2.531e+004 -2.531e+004 -5.954e-007
      64 -2.531e+004  2.531e+004  2.531e+004 -2.531e+004 -2.462e+004  2.462e+004  2.462e+004 -2.462e+004 -5.270e-007
      65 -2.462e+004  2.462e+004  2.462e+004 -2.462e+004 -2.388e+004  2.388e+004  2.388e+004 -2.388e+004 -4.603e-007
      66 -2.388e+004  2.388e+004  2.388e+004 -2.388e+004 -2.310e+004  2.310e+004  2.310e+004 -2.310e+004 -4.977e-007
      67 -2.310e+004  2.310e+004  2.310e+004 -2.310e+004 -2.229e+004  2.229e+004  2.229e+004 -2.229e+004 -5.218e-007
      68 -2.229e+004  2.229e+004  2.229e+004 -2.229e+004 -2.144e+004  2.144e+004  2.144e+004 -2.144e+004 -3.933e-007
      69 -2.144e+004  2.144e+004  2.144e+004 -2.144e+004 -2.056e+004  2.056e+004  2.056e+004 -2.056e+004 -2.668e-007
      70 -2.056e+004  2.056e+004  2.056e+004 -2.056e+004 -1.965e+004  1.965e+004  1.965e+004 -1.965e+004  3.321e-008
      71 -1.965e+004  1.965e+004  1.965e+004 -1.965e+004 -1.872e+004  1.872e+004  1.872e+004 -1.872e+004  3.648e-007
      72 -1.872e+004  1.872e+004  1.872e+004 -1.872e+004 -1.777e+004  1.777e+004  1.777e+004 -1.777e+004  6.154e-007
      73 -1.777e+004  1.777e+004  1.777e+004 -1.777e+004 -1.680e+004  1.680e+004  1.680e+004 -1.680e+004  7.598e-007
      74 -1.680e+004  1.680e+004  1.680e+004 -1.680e+004 -1.583e+004  1.583e+004  1.583e+004 -1.583e+004  8.007e-007
      75 -1.767e+004  1.767e+004  1.767e+004 -1.767e+004 -1.660e+004  1.660e+004  1.660e+004 -1.660e+004  9.582e-007
      76 -1.660e+004  1.660e+004  1.660e+004 -1.660e+004 -1.553e+004  1.553e+004  1.553e+004 -1.553e+004  1.042e-006
      77 -1.553e+004  1.553e+004  1.553e+004 -1.553e+004 -1.447e+004  1.447e+004  1.447e+004 -1.447e+004  1.071e-006
      78 -1.447e+004  1.447e+004  1.447e+004 -1.447e+004 -1.341e+004  1.341e+004  1.341e+004 -1.341e+004  1.114e-006
      79 -1.341e+004  1.341e+004  1.341e+004 -1.341e+004 -1.237e+004  1.237e+004  1.237e+004 -1.237e+004  1.134e-006
      80 -1.237e+004  1.237e+004  1.237e+004 -1.237e+004 -1.135e+004  1.135e+004  1.135e+004 -1.135e+004  1.138e-006
      81 -1.135e+004  1.135e+004  1.135e+004 -1.135e+004 -1.035e+004  1.035e+004  1.035e+004 -1.035e+004  1.000e-006
      82 -1.035e+004  1.035e+004  1.035e+004 -1.035e+004 -9.383e+003  9.383e+003  9.383e+003 -9.383e+003  8.141e-007
      83 -9.383e+003  9.383e+003  9.383e+003 -9.383e+003 -8.453e+003  8.453e+003  8.453e+003 -8.453e+003  5.838e-007
      84 -8.453e+003  8.453e+003  8.453e+003 -8.453e+003 -7.565e+003  7.565e+003  7.565e+003 -7.565e+003  1.265e-007
      85 -9.307e+003  9.307e+003  9.307e+003 -9.307e+003 -8.262e+003  8.262e+003  8.262e+003 -8.262e+003 -3.118e-007
      86 -8.262e+003  8.262e+003  8.262e+003 -8.262e+003 -7.257e+003  7.257e+003  7.257e+003 -7.257e+003 -5.718e-007
      87 -7.257e+003  7.257e+003  7.257e+003 -7.257e+003 -6.298e+003  6.298e+003  6.298e+003 -6.298e+003 -7.541e-007
      88 -6.298e+003  6.298e+003  6.298e+003 -6.298e+003 -5.388e+003  5.388e+003  5.388e+003 -5.388e+003 -8.504e-007
      89 -5.388e+003  5.388e+003  5.388e+003 -5.388e+003 -4.533e+003  4.533e+003  4.533e+003 -4.533e+003 -1.024e-006
      90 -4.533e+003  4.533e+003  4.533e+003 -4.533e+003 -3.736e+003  3.736e+003  3.736e+003 -3.736e+003 -1.256e-006
      91 -3.736e+003  3.736e+003  3.736e+003 -3.736e+003 -3.004e+003  3.004e+003  3.004e+003 -3.004e+003 -1.421e-006
      92 -3.004e+003  3.004e+003  3.004e+003 -3.004e+003 -2.339e+003  2.339e+003  2.339e+003 -2.339e+003 -1.440e-006
      93 -2.339e+003  2.339e+003  2.339e+003 -2.339e+003 -1.748e+003  1.748e+003  1.748e+003 -1.748e+003 -1.376e-006
      94 -1.748e+003  1.748e+003  1.748e+003 -1.748e+003 -1.234e+003  1.234e+003  1.234e+003 -1.234e+003 -1.215e-006
      95 -1.234e+003  1.234e+003  1.234e+003 -1.234e+003 -8.032e+002  8.032e+002  8.032e+002 -8.032e+002 -9.942e-007
      96 -8.032e+002  8.032e+002  8.032e+002 -8.032e+002 -4.596e+002  4.596e+002  4.596e+002 -4.596e+002 -6.897e-007
      97 -4.596e+002  4.596e+002  4.596e+002 -4.596e+002 -2.080e+002  2.080e+002  2.080e+002 -2.080e+002 -4.212e-007
      98 -2.080e+002  2.080e+002  2.080e+002 -2.080e+002 -5.318e+001  5.318e+001  5.318e+001 -5.318e+001 -1.859e-007
      99 -5.318e+001  5.318e+001  5.318e+001 -5.318e+001  1.333e-009 -1.333e-009 -1.333e-009  1.333e-009 -3.396e-008
MODAL No:        8
NODE(ELEM) No             Z1                                  Z2                                 MID
       1  2.823e-009 -2.823e-009 -2.823e-009  2.823e-009 -2.634e+002  2.634e+002  2.634e+002 -2.634e+002  6.825e-008
       2 -2.634e+002  2.634e+002  2.634e+002 -2.634e+002 -1.022e+003  1.022e+003  1.022e+003 -1.022e+003  2.112e-007
       3 -1.022e+003  1.022e+003  1.022e+003 -1.022e+003 -2.245e+003  2.245e+003  2.245e+003 -2.245e+003  3.856e-007
       4 -2.245e+003  2.245e+003  2.245e+003 -2.245e+003 -3.899e+003  3.899e+003  3.899e+003 -3.899e+003  6.050e-007
       5 -3.899e+003  3.899e+003  3.899e+003 -3.899e+003 -5.954e+003  5.954e+003  5.954e+003 -5.954e+003  7.803e-007
       6 -5.954e+003  5.954e+003  5.954e+003 -5.954e+003 -8.379e+003  8.379e+003  8.379e+003 -8.379e+003  9.287e-007
       7 -8.379e+003  8.379e+003  8.379e+003 -8.379e+003 -1.114e+004  1.114e+004  1.114e+004 -1.114e+004  1.058e-006
       8 -1.114e+004  1.114e+004  1.114e+004 -1.114e+004 -1.421e+004  1.421e+004  1.421e+004 -1.421e+004  1.200e-006
       9 -1.421e+004  1.421e+004  1.421e+004 -1.421e+004 -1.756e+004  1.756e+004  1.756e+004 -1.756e+004  1.361e-006
      10 -1.756e+004  1.756e+004  1.756e+004 -1.756e+004 -2.115e+004  2.115e+004  2.115e+004 -2.115e+004  1.534e-006
      11 -2.115e+004  2.115e+004  2.115e+004 -2.115e+004 -2.495e+004  2.495e+004  2.495e+004 -2.495e+004  1.697e-006
      12 -2.495e+004  2.495e+004  2.495e+004 -2.495e+004 -2.894e+004  2.894e+004  2.894e+004 -2.894e+004  1.814e-006
      13 -2.894e+004  2.894e+004  2.894e+004 -2.894e+004 -3.309e+004  3.309e+004  3.309e+004 -3.309e+004  1.881e-006
      14 -3.309e+004  3.309e+004  3.309e+004 -3.309e+004 -3.737e+004  3.737e+004  3.737e+004 -3.737e+004  1.855e-006
      15 -3.737e+004  3.737e+004  3.737e+004 -3.737e+004 -4.174e+004  4.174e+004  4.174e+004 -4.174e+004  1.766e-006
      16 -3.613e+004  3.613e+004  3.613e+004 -3.613e+004 -4.006e+004  4.006e+004  4.006e+004 -4.006e+004  1.314e-006
      17 -4.006e+004  4.006e+004  4.006e+004 -4.006e+004 -4.412e+004  4.412e+004  4.412e+004 -4.412e+004  7.653e-007
      18 -4.412e+004  4.412e+004  4.412e+004 -4.412e+004 -4.825e+004  4.825e+004  4.825e+004 -4.825e+004  1.904e-007
      19 -4.825e+004  4.825e+004  4.825e+004 -4.825e+004 -5.238e+004  5.238e+004  5.238e+004 -5.238e+004 -1.839e-007
      20 -5.238e+004  5.238e+004  5.238e+004 -5.238e+004 -5.646e+004  5.646e+004  5.646e+004 -5.646e+004 -5.307e-007
      21 -5.646e+004  5.646e+004  5.646e+004 -5.646e+004 -6.040e+004  6.040e+004  6.040e+004 -6.040e+004 -6.699e-007
      22 -6.040e+004  6.040e+004  6.040e+004 -6.040e+004 -6.418e+004  6.418e+004  6.418e+004 -6.418e+004 -9.098e-007
      23 -6.418e+004  6.418e+004  6.418e+004 -6.418e+004 -6.772e+004  6.772e+004  6.772e+004 -6.772e+004 -1.188e-006
      24 -6.772e+004  6.772e+004  6.772e+004 -6.772e+004 -7.098e+004  7.098e+004  7.098e+004 -7.098e+004 -1.275e-006
      25 -7.098e+004  7.098e+004  7.098e+004 -7.098e+004 -7.392e+004  7.392e+004  7.392e+004 -7.392e+004 -1.328e-006
      26 -6.438e+004  6.438e+004  6.438e+004 -6.438e+004 -6.662e+004  6.662e+004  6.662e+004 -6.662e+004 -1.174e-006
      27 -6.662e+004  6.662e+004  6.662e+004 -6.662e+004 -6.852e+004  6.852e+004  6.852e+004 -6.852e+004 -1.140e-006
      28 -6.852e+004  6.852e+004  6.852e+004 -6.852e+004 -7.004e+004  7.004e+004  7.004e+004 -7.004e+004 -1.074e-006
      29 -7.004e+004  7.004e+004  7.004e+004 -7.004e+004 -7.115e+004  7.115e+004  7.115e+004 -7.115e+004 -1.089e-006
      30 -7.115e+004  7.115e+004  7.115e+004 -7.115e+004 -7.185e+004  7.185e+004  7.185e+004 -7.185e+004 -9.808e-007
      31 -7.185e+004  7.185e+004  7.185e+004 -7.185e+004 -7.212e+004  7.212e+004  7.212e+004 -7.212e+004 -6.613e-007
      32 -7.212e+004  7.212e+004  7.212e+004 -7.212e+004 -7.195e+004  7.195e+004  7.195e+004 -7.195e+004 -4.107e-007
      33 -7.195e+004  7.195e+004  7.195e+004 -7.195e+004 -7.132e+004  7.132e+004  7.132e+004 -7.132e+004 -1.912e-007
      34 -7.132e+004  7.132e+004  7.132e+004 -7.132e+004 -7.025e+004  7.025e+004  7.025e+004 -7.025e+004 -4.471e-008
      35 -7.025e+004  7.025e+004  7.025e+004 -7.025e+004 -6.872e+004  6.872e+004  6.872e+004 -6.872e+004  1.204e-007
      36 -6.089e+004  6.089e+004  6.089e+004 -6.089e+004 -5.911e+004  5.911e+004  5.911e+004 -5.911e+004  4.771e-007
      37 -5.911e+004  5.911e+004  5.911e+004 -5.911e+004 -5.694e+004  5.694e+004  5.694e+004 -5.694e+004  7.905e-007
      38 -5.694e+004  5.694e+004  5.694e+004 -5.694e+004 -5.440e+004  5.440e+004  5.440e+004 -5.440e+004  1.013e-006
      39 -5.440e+004  5.440e+004  5.440e+004 -5.440e+004 -5.151e+004  5.151e+004  5.151e+004 -5.151e+004  1.385e-006
      40 -5.151e+004  5.151e+004  5.151e+004 -5.151e+004 -4.828e+004  4.828e+004  4.828e+004 -4.828e+004  1.625e-006
      41 -4.828e+004  4.828e+004  4.828e+004 -4.828e+004 -4.473e+004  4.473e+004  4.473e+004 -4.473e+004  1.729e-006
      42 -4.473e+004  4.473e+004  4.473e+004 -4.473e+004 -4.088e+004  4.088e+004  4.088e+004 -4.088e+004  1.441e-006
      43 -4.088e+004  4.088e+004  4.088e+004 -4.088e+004 -3.676e+004  3.676e+004  3.676e+004 -3.676e+004  8.404e-007
      44 -3.676e+004  3.676e+004  3.676e+004 -3.676e+004 -3.240e+004  3.240e+004  3.240e+004 -3.240e+004  3.290e-007
      45 -3.240e+004  3.240e+004  3.240e+004 -3.240e+004 -2.782e+004  2.782e+004  2.782e+004 -2.782e+004 -2.839e-007
      46 -2.782e+004  2.782e+004  2.782e+004 -2.782e+004 -2.305e+004  2.305e+004  2.305e+004 -2.305e+004 -1.034e-006
      47 -2.305e+004  2.305e+004  2.305e+004 -2.305e+004 -1.813e+004  1.813e+004  1.813e+004 -1.813e+004 -1.624e-006
      48 -1.813e+004  1.813e+004  1.813e+004 -1.813e+004 -1.308e+004  1.308e+004  1.308e+004 -1.308e+004 -1.941e-006
      49 -1.308e+004  1.308e+004  1.308e+004 -1.308e+004 -7.952e+003  7.952e+003  7.952e+003 -7.952e+003 -1.887e-006
      50 -7.952e+003  7.952e+003  7.952e+003 -7.952e+003 -2.767e+003  2.767e+003  2.767e+003 -2.767e+003 -1.693e-006
      51 -2.767e+003  2.767e+003  2.767e+003 -2.767e+003  2.437e+003 -2.437e+003 -2.437e+003  2.437e+003 -1.397e-006
      52  2.437e+003 -2.437e+003 -2.437e+003  2.437e+003  7.624e+003 -7.624e+003 -7.624e+003  7.624e+003 -7.550e-007
      53  7.624e+003 -7.624e+003 -7.624e+003  7.624e+003  1.276e+004 -1.276e+004 -1.276e+004  1.276e+004 -5.840e-008
      54  1.276e+004 -1.276e+004 -1.276e+004  1.276e+004  1.781e+004 -1.781e+004 -1.781e+004  1.781e+004  4.340e-007
      55  1.781e+004 -1.781e+004 -1.781e+004  1.781e+004  2.274e+004 -2.274e+004 -2.274e+004  2.274e+004  8.395e-007
      56  2.274e+004 -2.274e+004 -2.274e+004  2.274e+004  2.752e+004 -2.752e+004 -2.752e+004  2.752e+004  8.841e-007
      57  2.752e+004 -2.752e+004 -2.752e+004  2.752e+004  3.211e+004 -3.211e+004 -3.211e+004  3.211e+004  1.035e-006
      58  3.211e+004 -3.211e+004 -3.211e+004  3.211e+004  3.649e+004 -3.649e+004 -3.649e+004  3.649e+004  1.052e-006
      59  3.649e+004 -3.649e+004 -3.649e+004  3.649e+004  4.063e+004 -4.063e+004 -4.063e+004  4.063e+004  1.057e-006
      60  4.063e+004 -4.063e+004 -4.063e+004  4.063e+004  4.450e+004 -4.450e+004 -4.450e+004  4.450e+004  1.061e-006
      61  4.450e+004 -4.450e+004 -4.450e+004  4.450e+004  4.807e+004 -4.807e+004 -4.807e+004  4.807e+004  1.041e-006
      62  4.807e+004 -4.807e+004 -4.807e+004  4.807e+004  5.132e+004 -5.132e+004 -5.132e+004  5.132e+004  1.130e-006
      63  5.132e+004 -5.132e+004 -5.132e+004  5.132e+004  5.424e+004 -5.424e+004 -5.424e+004  5.424e+004  1.200e-006
      64  5.424e+004 -5.424e+004 -5.424e+004  5.424e+004  5.680e+004 -5.680e+004 -5.680e+004  5.680e+004  1.092e-006
      65  5.680e+004 -5.680e+004 -5.680e+004  5.680e+004  5.899e+004 -5.899e+004 -5.899e+004  5.899e+004  9.530e-007
      66  5.899e+004 -5.899e+004 -5.899e+004  5.899e+004  6.080e+004 -6.080e+004 -6.080e+004  6.080e+004  9.914e-007
      67  6.080e+004 -6.080e+004 -6.080e+004  6.080e+004  6.222e+004 -6.222e+004 -6.222e+004  6.222e+004  1.009e-006
      68  6.222e+004 -6.222e+004 -6.222e+004  6.222e+004  6.324e+004 -6.324e+004 -6.324e+004  6.324e+004  7.250e-007
      69  6.324e+004 -6.324e+004 -6.324e+004  6.324e+004  6.386e+004 -6.386e+004 -6.386e+004  6.386e+004  4.731e-007
      70  6.386e+004 -6.386e+004 -6.386e+004  6.386e+004  6.409e+004 -6.409e+004 -6.409e+004  6.409e+004 -7.416e-008
      71  6.409e+004 -6.409e+004 -6.409e+004  6.409e+004  6.392e+004 -6.392e+004 -6.392e+004  6.392e+004 -6.841e-007
      72  6.392e+004 -6.392e+004 -6.392e+004  6.392e+004  6.336e+004 -6.336e+004 -6.336e+004  6.336e+004 -1.128e-006
      73  6.336e+004 -6.336e+004 -6.336e+004  6.336e+004  6.243e+004 -6.243e+004 -6.243e+004  6.243e+004 -1.401e-006
      74  6.243e+004 -6.243e+004 -6.243e+004  6.243e+004  6.113e+004 -6.113e+004 -6.113e+004  6.113e+004 -1.480e-006
      75  6.825e+004 -6.825e+004 -6.825e+004  6.825e+004  6.646e+004 -6.646e+004 -6.646e+004  6.646e+004 -1.758e-006
      76  6.646e+004 -6.646e+004 -6.646e+004  6.646e+004  6.434e+004 -6.434e+004 -6.434e+004  6.434e+004 -1.896e-006
      77  6.434e+004 -6.434e+004 -6.434e+004  6.434e+004  6.189e+004 -6.189e+004 -6.189e+004  6.189e+004 -1.935e-006
      78  6.189e+004 -6.189e+004 -6.189e+004  6.189e+004  5.915e+004 -5.915e+004 -5.915e+004  5.915e+004 -2.010e-006
      79  5.915e+004 -5.915e+004 -5.915e+004  5.915e+004  5.615e+004 -5.615e+004 -5.615e+004  5.615e+004 -2.070e-006
      80  5.615e+004 -5.615e+004 -5.615e+004  5.615e+004  5.293e+004 -5.293e+004 -5.293e+004  5.293e+004 -2.102e-006
      81  5.293e+004 -5.293e+004 -5.293e+004  5.293e+004  4.951e+004 -4.951e+004 -4.951e+004  4.951e+004 -1.832e-006
      82  4.951e+004 -4.951e+004 -4.951e+004  4.951e+004  4.594e+004 -4.594e+004 -4.594e+004  4.594e+004 -1.480e-006
      83  4.594e+004 -4.594e+004 -4.594e+004  4.594e+004  4.226e+004 -4.226e+004 -4.226e+004  4.226e+004 -1.035e-006
      84  4.226e+004 -4.226e+004 -4.226e+004  4.226e+004  3.852e+004 -3.852e+004 -3.852e+004  3.852e+004 -1.968e-007
      85  4.739e+004 -4.739e+004 -4.739e+004  4.739e+004  4.277e+004 -4.277e+004 -4.277e+004  4.277e+004  5.886e-007
      86  4.277e+004 -4.277e+004 -4.277e+004  4.277e+004  3.817e+004 -3.817e+004 -3.817e+004  3.817e+004  1.042e-006
      87  3.817e+004 -3.817e+004 -3.817e+004  3.817e+004  3.364e+004 -3.364e+004 -3.364e+004  3.364e+004  1.350e-006
      88  3.364e+004 -3.364e+004 -3.364e+004  3.364e+004  2.921e+004 -2.921e+004 -2.921e+004  2.921e+004  1.508e-006
      89  2.921e+004 -2.921e+004 -2.921e+004  2.921e+004  2.492e+004 -2.492e+004 -2.492e+004  2.492e+004  1.807e-006
      90  2.492e+004 -2.492e+004 -2.492e+004  2.492e+004  2.083e+004 -2.083e+004 -2.083e+004  2.083e+004  2.215e-006
      91  2.083e+004 -2.083e+004 -2.083e+004  2.083e+004  1.696e+004 -1.696e+004 -1.696e+004  1.696e+004  2.519e-006
      92  1.696e+004 -1.696e+004 -1.696e+004  1.696e+004  1.338e+004 -1.338e+004 -1.338e+004  1.338e+004  2.575e-006
      93  1.338e+004 -1.338e+004 -1.338e+004  1.338e+004  1.012e+004 -1.012e+004 -1.012e+004  1.012e+004  2.492e-006
      94  1.012e+004 -1.012e+004 -1.012e+004  1.012e+004  7.231e+003 -7.231e+003 -7.231e+003  7.231e+003  2.229e-006
      95  7.231e+003 -7.231e+003 -7.231e+003  7.231e+003  4.760e+003 -4.760e+003 -4.760e+003  4.760e+003  1.847e-006
      96  4.760e+003 -4.760e+003 -4.760e+003  4.760e+003  2.755e+003 -2.755e+003 -2.755e+003  2.755e+003  1.296e-006
      97  2.755e+003 -2.755e+003 -2.755e+003  2.755e+003  1.261e+003 -1.261e+003 -1.261e+003  1.261e+003  8.042e-007
      98  1.261e+003 -1.261e+003 -1.261e+003  1.261e+003  3.271e+002 -3.271e+002 -3.271e+002  3.271e+002  3.734e-007
      99  3.271e+002 -3.271e+002 -3.271e+002  3.271e+002  1.841e-009 -1.841e-009 -1.841e-009  1.841e-009  8.011e-008
MODAL No:        9
NODE(ELEM) No             Z1                                  Z2                                 MID
       1  1.129e-009 -1.129e-009 -1.129e-009  1.129e-009  8.614e+002 -8.614e+002 -8.614e+002  8.614e+002  6.523e-010
       2  8.614e+002 -8.614e+002 -8.614e+002  8.614e+002  3.304e+003 -3.304e+003 -3.304e+003  3.304e+003  2.082e-009
       3  3.304e+003 -3.304e+003 -3.304e+003  3.304e+003  7.185e+003 -7.185e+003 -7.185e+003  7.185e+003  4.142e-009
       4  7.185e+003 -7.185e+003 -7.185e+003  7.185e+003  1.236e+004 -1.236e+004 -1.236e+004  1.236e+004  6.022e-009
       5  1.236e+004 -1.236e+004 -1.236e+004  1.236e+004  1.870e+004 -1.870e+004 -1.870e+004  1.870e+004  8.065e-009
       6  1.870e+004 -1.870e+004 -1.870e+004  1.870e+004  2.605e+004 -2.605e+004 -2.605e+004  2.605e+004  9.525e-009
       7  2.605e+004 -2.605e+004 -2.605e+004  2.605e+004  3.427e+004 -3.427e+004 -3.427e+004  3.427e+004  1.089e-008
       8  3.427e+004 -3.427e+004 -3.427e+004  3.427e+004  4.323e+004 -4.323e+004 -4.323e+004  4.323e+004  1.247e-008
       9  4.323e+004 -4.323e+004 -4.323e+004  4.323e+004  5.280e+004 -5.280e+004 -5.280e+004  5.280e+004  1.416e-008
      10  5.280e+004 -5.280e+004 -5.280e+004  5.280e+004  6.284e+004 -6.284e+004 -6.284e+004  6.284e+004  1.641e-008
      11  6.284e+004 -6.284e+004 -6.284e+004  6.284e+004  7.322e+004 -7.322e+004 -7.322e+004  7.322e+004  1.824e-008
      12  7.322e+004 -7.322e+004 -7.322e+004  7.322e+004  8.383e+004 -8.383e+004 -8.383e+004  8.383e+004  1.976e-008
      13  8.383e+004 -8.383e+004 -8.383e+004  8.383e+004  9.454e+004 -9.454e+004 -9.454e+004  9.454e+004  2.066e-008
      14  9.454e+004 -9.454e+004 -9.454e+004  9.454e+004  1.053e+005 -1.053e+005 -1.053e+005  1.053e+005  2.073e-008
      15  1.053e+005 -1.053e+005 -1.053e+005  1.053e+005  1.159e+005 -1.159e+005 -1.159e+005  1.159e+005  1.968e-008
      16  1.003e+005 -1.003e+005 -1.003e+005  1.003e+005  1.091e+005 -1.091e+005 -1.091e+005  1.091e+005  1.440e-008
      17  1.091e+005 -1.091e+005 -1.091e+005  1.091e+005  1.171e+005 -1.171e+005 -1.171e+005  1.171e+005  8.758e-009
      18  1.171e+005 -1.171e+005 -1.171e+005  1.171e+005  1.242e+005 -1.242e+005 -1.242e+005  1.242e+005  1.952e-009
      19  1.242e+005 -1.242e+005 -1.242e+005  1.242e+005  1.300e+005 -1.300e+005 -1.300e+005  1.300e+005 -1.693e-009
      20  1.300e+005 -1.300e+005 -1.300e+005  1.300e+005  1.345e+005 -1.345e+005 -1.345e+005  1.345e+005 -5.437e-009
      21  1.345e+005 -1.345e+005 -1.345e+005  1.345e+005  1.376e+005 -1.376e+005 -1.376e+005  1.376e+005 -6.609e-009
      22  1.376e+005 -1.376e+005 -1.376e+005  1.376e+005  1.390e+005 -1.390e+005 -1.390e+005  1.390e+005 -9.263e-009
      23  1.390e+005 -1.390e+005 -1.390e+005  1.390e+005  1.388e+005 -1.388e+005 -1.388e+005  1.388e+005 -1.207e-008
      24  1.388e+005 -1.388e+005 -1.388e+005  1.388e+005  1.370e+005 -1.370e+005 -1.370e+005  1.370e+005 -1.351e-008
      25  1.370e+005 -1.370e+005 -1.370e+005  1.370e+005  1.334e+005 -1.334e+005 -1.334e+005  1.334e+005 -1.444e-008
      26  1.162e+005 -1.162e+005 -1.162e+005  1.162e+005  1.117e+005 -1.117e+005 -1.117e+005  1.117e+005 -1.283e-008
      27  1.117e+005 -1.117e+005 -1.117e+005  1.117e+005  1.057e+005 -1.057e+005 -1.057e+005  1.057e+005 -1.280e-008
      28  1.057e+005 -1.057e+005 -1.057e+005  1.057e+005  9.833e+004 -9.833e+004 -9.833e+004  9.833e+004 -1.237e-008
      29  9.833e+004 -9.833e+004 -9.833e+004  9.833e+004  8.970e+004 -8.970e+004 -8.970e+004  8.970e+004 -1.283e-008
      30  8.970e+004 -8.970e+004 -8.970e+004  8.970e+004  7.991e+004 -7.991e+004 -7.991e+004  7.991e+004 -1.206e-008
      31  7.991e+004 -7.991e+004 -7.991e+004  7.991e+004  6.907e+004 -6.907e+004 -6.907e+004  6.907e+004 -8.523e-009
      32  6.907e+004 -6.907e+004 -6.907e+004  6.907e+004  5.732e+004 -5.732e+004 -5.732e+004  5.732e+004 -5.860e-009
      33  5.732e+004 -5.732e+004 -5.732e+004  5.732e+004  4.482e+004 -4.482e+004 -4.482e+004  4.482e+004 -3.311e-009
      34  4.482e+004 -4.482e+004 -4.482e+004  4.482e+004  3.173e+004 -3.173e+004 -3.173e+004  3.173e+004 -1.163e-009
      35  3.173e+004 -3.173e+004 -3.173e+004  3.173e+004  1.822e+004 -1.822e+004 -1.822e+004  1.822e+004  8.679e-010
      36  1.614e+004 -1.614e+004 -1.614e+004  1.614e+004  3.648e+003 -3.648e+003 -3.648e+003  3.648e+003  5.365e-009
      37  3.648e+003 -3.648e+003 -3.648e+003  3.648e+003 -8.893e+003  8.893e+003  8.893e+003 -8.893e+003  8.701e-009
      38 -8.893e+003  8.893e+003  8.893e+003 -8.893e+003 -2.132e+004  2.132e+004  2.132e+004 -2.132e+004  1.154e-008
      39 -2.132e+004  2.132e+004  2.132e+004 -2.132e+004 -3.347e+004  3.347e+004  3.347e+004 -3.347e+004  1.610e-008
      40 -3.347e+004  3.347e+004  3.347e+004 -3.347e+004 -4.518e+004  4.518e+004  4.518e+004 -4.518e+004  1.947e-008
      41 -4.518e+004  4.518e+004  4.518e+004 -4.518e+004 -5.630e+004  5.630e+004  5.630e+004 -5.630e+004  2.098e-008
      42 -5.630e+004  5.630e+004  5.630e+004 -5.630e+004 -6.668e+004  6.668e+004  6.668e+004 -6.668e+004  1.771e-008
      43 -6.668e+004  6.668e+004  6.668e+004 -6.668e+004 -7.620e+004  7.620e+004  7.620e+004 -7.620e+004  1.040e-008
      44 -7.620e+004  7.620e+004  7.620e+004 -7.620e+004 -8.471e+004  8.471e+004  8.471e+004 -8.471e+004  5.036e-009
      45 -8.471e+004  8.471e+004  8.471e+004 -8.471e+004 -9.212e+004  9.212e+004  9.212e+004 -9.212e+004 -2.960e-009
      46 -9.212e+004  9.212e+004  9.212e+004 -9.212e+004 -9.832e+004  9.832e+004  9.832e+004 -9.832e+004 -1.198e-008
      47 -9.832e+004  9.832e+004  9.832e+004 -9.832e+004 -1.032e+005  1.032e+005  1.032e+005 -1.032e+005 -1.909e-008
      48 -1.032e+005  1.032e+005  1.032e+005 -1.032e+005 -1.068e+005  1.068e+005  1.068e+005 -1.068e+005 -2.272e-008
      49 -1.068e+005  1.068e+005  1.068e+005 -1.068e+005 -1.090e+005  1.090e+005  1.090e+005 -1.090e+005 -2.230e-008
      50 -1.090e+005  1.090e+005  1.090e+005 -1.090e+005 -1.097e+005  1.097e+005  1.097e+005 -1.097e+005 -1.983e-008
      51 -1.097e+005  1.097e+005  1.097e+005 -1.097e+005 -1.090e+005  1.090e+005  1.090e+005 -1.090e+005 -1.650e-008
      52 -1.090e+005  1.090e+005  1.090e+005 -1.090e+005 -1.069e+005  1.069e+005  1.069e+005 -1.069e+005 -8.774e-009
      53 -1.069e+005  1.069e+005  1.069e+005 -1.069e+005 -1.033e+005  1.033e+005  1.033e+005 -1.033e+005 -7.156e-010
      54 -1.033e+005  1.033e+005  1.033e+005 -1.033e+005 -9.846e+004  9.846e+004  9.846e+004 -9.846e+004  5.157e-009
      55 -9.846e+004  9.846e+004  9.846e+004 -9.846e+004 -9.228e+004  9.228e+004  9.228e+004 -9.228e+004  9.822e-009
      56 -9.228e+004  9.228e+004  9.228e+004 -9.228e+004 -8.489e+004  8.489e+004  8.489e+004 -8.489e+004  1.019e-008
      57 -8.489e+004  8.489e+004  8.489e+004 -8.489e+004 -7.639e+004  7.639e+004  7.639e+004 -7.639e+004  1.245e-008
      58 -7.639e+004  7.639e+004  7.639e+004 -7.639e+004 -6.687e+004  6.687e+004  6.687e+004 -6.687e+004  1.181e-008
      59 -6.687e+004  6.687e+004  6.687e+004 -6.687e+004 -5.648e+004  5.648e+004  5.648e+004 -5.648e+004  1.227e-008
      60 -5.648e+004  5.648e+004  5.648e+004 -5.648e+004 -4.533e+004  4.533e+004  4.533e+004 -4.533e+004  1.212e-008
      61 -4.533e+004  4.533e+004  4.533e+004 -4.533e+004 -3.358e+004  3.358e+004  3.358e+004 -3.358e+004  1.174e-008
      62 -3.358e+004  3.358e+004  3.358e+004 -3.358e+004 -2.138e+004  2.138e+004  2.138e+004 -2.138e+004  1.269e-008
      63 -2.138e+004  2.138e+004  2.138e+004 -2.138e+004 -8.885e+003  8.885e+003  8.885e+003 -8.885e+003  1.340e-008
      64 -8.885e+003  8.885e+003  8.885e+003 -8.885e+003  3.744e+003 -3.744e+003 -3.744e+003  3.744e+003  1.229e-008
      65  3.744e+003 -3.744e+003 -3.744e+003  3.744e+003  1.634e+004 -1.634e+004 -1.634e+004  1.634e+004  1.100e-008
      66  1.634e+004 -1.634e+004 -1.634e+004  1.634e+004  2.875e+004 -2.875e+004 -2.875e+004  2.875e+004  1.125e-008
      67  2.875e+004 -2.875e+004 -2.875e+004  2.875e+004  4.080e+004 -4.080e+004 -4.080e+004  4.080e+004  1.188e-008
      68  4.080e+004 -4.080e+004 -4.080e+004  4.080e+004  5.235e+004 -5.235e+004 -5.235e+004  5.235e+004  8.914e-009
      69  5.235e+004 -5.235e+004 -5.235e+004  5.235e+004  6.324e+004 -6.324e+004 -6.324e+004  6.324e+004  6.017e-009
      70  6.324e+004 -6.324e+004 -6.324e+004  6.324e+004  7.333e+004 -7.333e+004 -7.333e+004  7.333e+004 -4.637e-010
      71  7.333e+004 -7.333e+004 -7.333e+004  7.333e+004  8.251e+004 -8.251e+004 -8.251e+004  8.251e+004 -7.804e-009
      72  8.251e+004 -8.251e+004 -8.251e+004  8.251e+004  9.065e+004 -9.065e+004 -9.065e+004  9.065e+004 -1.266e-008
      73  9.065e+004 -9.065e+004 -9.065e+004  9.065e+004  9.765e+004 -9.765e+004 -9.765e+004  9.765e+004 -1.565e-008
      74  9.765e+004 -9.765e+004 -9.765e+004  9.765e+004  1.034e+005 -1.034e+005 -1.034e+005  1.034e+005 -1.686e-008
      75  1.155e+005 -1.155e+005 -1.155e+005  1.155e+005  1.204e+005 -1.204e+005 -1.204e+005  1.204e+005 -1.971e-008
      76  1.204e+005 -1.204e+005 -1.204e+005  1.204e+005  1.238e+005 -1.238e+005 -1.238e+005  1.238e+005 -2.192e-008
      77  1.238e+005 -1.238e+005 -1.238e+005  1.238e+005  1.259e+005 -1.259e+005 -1.259e+005  1.259e+005 -2.257e-008
      78  1.259e+005 -1.259e+005 -1.259e+005  1.259e+005  1.265e+005 -1.265e+005 -1.265e+005  1.265e+005 -2.291e-008
      79  1.265e+005 -1.265e+005 -1.265e+005  1.265e+005  1.256e+005 -1.256e+005 -1.256e+005  1.256e+005 -2.474e-008
      80  1.256e+005 -1.256e+005 -1.256e+005  1.256e+005  1.233e+005 -1.233e+005 -1.233e+005  1.233e+005 -2.493e-008
      81  1.233e+005 -1.233e+005 -1.233e+005  1.233e+005  1.197e+005 -1.197e+005 -1.197e+005  1.197e+005 -2.198e-008
      82  1.197e+005 -1.197e+005 -1.197e+005  1.197e+005  1.149e+005 -1.149e+005 -1.149e+005  1.149e+005 -1.782e-008
      83  1.149e+005 -1.149e+005 -1.149e+005  1.149e+005  1.088e+005 -1.088e+005 -1.088e+005  1.088e+005 -1.336e-008
      84  1.088e+005 -1.088e+005 -1.088e+005  1.088e+005  1.017e+005 -1.017e+005 -1.017e+005  1.017e+005 -2.909e-009
      85  1.252e+005 -1.252e+005 -1.252e+005  1.252e+005  1.155e+005 -1.155e+005 -1.155e+005  1.155e+005  6.434e-009
      86  1.155e+005 -1.155e+005 -1.155e+005  1.155e+005  1.053e+005 -1.053e+005 -1.053e+005  1.053e+005  1.223e-008
      87  1.053e+005 -1.053e+005 -1.053e+005  1.053e+005  9.472e+004 -9.472e+004 -9.472e+004  9.472e+004  1.560e-008
      88  9.472e+004 -9.472e+004 -9.472e+004  9.472e+004  8.383e+004 -8.383e+004 -8.383e+004  8.383e+004  1.779e-008
      89  8.383e+004 -8.383e+004 -8.383e+004  8.383e+004  7.284e+004 -7.284e+004 -7.284e+004  7.284e+004  2.129e-008
      90  7.284e+004 -7.284e+004 -7.284e+004  7.284e+004  6.191e+004 -6.191e+004 -6.191e+004  6.191e+004  2.618e-008
      91  6.191e+004 -6.191e+004 -6.191e+004  6.191e+004  5.124e+004 -5.124e+004 -5.124e+004  5.124e+004  3.011e-008
      92  5.124e+004 -5.124e+004 -5.124e+004  5.124e+004  4.103e+004 -4.103e+004 -4.103e+004  4.103e+004  3.051e-008
      93  4.103e+004 -4.103e+004 -4.103e+004  4.103e+004  3.148e+004 -3.148e+004 -3.148e+004  3.148e+004  2.944e-008
      94  3.148e+004 -3.148e+004 -3.148e+004  3.148e+004  2.280e+004 -2.280e+004 -2.280e+004  2.280e+004  2.616e-008
      95  2.280e+004 -2.280e+004 -2.280e+004  2.280e+004  1.521e+004 -1.521e+004 -1.521e+004  1.521e+004  2.143e-008
      96  1.521e+004 -1.521e+004 -1.521e+004  1.521e+004  8.910e+003 -8.910e+003 -8.910e+003  8.910e+003  1.514e-008
      97  8.910e+003 -8.910e+003 -8.910e+003  8.910e+003  4.130e+003 -4.130e+003 -4.130e+003  4.130e+003  9.905e-009
      98  4.130e+003 -4.130e+003 -4.130e+003  4.130e+003  1.087e+003 -1.087e+003 -1.087e+003  1.087e+003  4.542e-009
      99  1.087e+003 -1.087e+003 -1.087e+003  1.087e+003  2.815e-010 -2.815e-010 -2.815e-010  2.815e-010  7.387e-010
MODAL No:       10
NODE(ELEM) No             Z1                                  Z2                                 MID
       1  1.129e-009 -1.129e-009 -1.129e-009  1.129e-009 -2.077e+003  2.077e+003  2.077e+003 -2.077e+003 -2.205e-009
       2 -2.077e+003  2.077e+003  2.077e+003 -2.077e+003 -7.857e+003  7.857e+003  7.857e+003 -7.857e+003 -6.158e-009
       3 -7.857e+003  7.857e+003  7.857e+003 -7.857e+003 -1.689e+004  1.689e+004  1.689e+004 -1.689e+004 -1.101e-008
       4 -1.689e+004  1.689e+004  1.689e+004 -1.689e+004 -2.872e+004  2.872e+004  2.872e+004 -2.872e+004 -1.697e-008
       5 -2.872e+004  2.872e+004  2.872e+004 -2.872e+004 -4.291e+004  4.291e+004  4.291e+004 -4.291e+004 -2.091e-008
       6 -4.291e+004  4.291e+004  4.291e+004 -4.291e+004 -5.900e+004  5.900e+004  5.900e+004 -5.900e+004 -2.464e-008
       7 -5.900e+004  5.900e+004  5.900e+004 -5.900e+004 -7.656e+004  7.656e+004  7.656e+004 -7.656e+004 -2.838e-008
       8 -7.656e+004  7.656e+004  7.656e+004 -7.656e+004 -9.518e+004  9.518e+004  9.518e+004 -9.518e+004 -3.228e-008
       9 -9.518e+004  9.518e+004  9.518e+004 -9.518e+004 -1.144e+005  1.144e+005  1.144e+005 -1.144e+005 -3.740e-008
      10 -1.144e+005  1.144e+005  1.144e+005 -1.144e+005 -1.339e+005  1.339e+005  1.339e+005 -1.339e+005 -4.362e-008
      11 -1.339e+005  1.339e+005  1.339e+005 -1.339e+005 -1.533e+005  1.533e+005  1.533e+005 -1.533e+005 -4.901e-008
      12 -1.533e+005  1.533e+005  1.533e+005 -1.533e+005 -1.723e+005  1.723e+005  1.723e+005 -1.723e+005 -5.378e-008
      13 -1.723e+005  1.723e+005  1.723e+005 -1.723e+005 -1.905e+005  1.905e+005  1.905e+005 -1.905e+005 -5.671e-008
      14 -1.905e+005  1.905e+005  1.905e+005 -1.905e+005 -2.077e+005  2.077e+005  2.077e+005 -2.077e+005 -5.649e-008
      15 -2.077e+005  2.077e+005  2.077e+005 -2.077e+005 -2.237e+005  2.237e+005  2.237e+005 -2.237e+005 -5.408e-008
      16 -1.936e+005  1.936e+005  1.936e+005 -1.936e+005 -2.048e+005  2.048e+005  2.048e+005 -2.048e+005 -4.011e-008
      17 -2.048e+005  2.048e+005  2.048e+005 -2.048e+005 -2.116e+005  2.116e+005  2.116e+005 -2.116e+005 -2.306e-008
      18 -2.116e+005  2.116e+005  2.116e+005 -2.116e+005 -2.138e+005  2.138e+005  2.138e+005 -2.138e+005 -4.796e-009
      19 -2.138e+005  2.138e+005  2.138e+005 -2.138e+005 -2.111e+005  2.111e+005  2.111e+005 -2.111e+005  5.040e-009
      20 -2.111e+005  2.111e+005  2.111e+005 -2.111e+005 -2.037e+005  2.037e+005  2.037e+005 -2.037e+005  1.555e-008
      21 -2.037e+005  2.037e+005  2.037e+005 -2.037e+005 -1.916e+005  1.916e+005  1.916e+005 -1.916e+005  1.913e-008
      22 -1.916e+005  1.916e+005  1.916e+005 -1.916e+005 -1.751e+005  1.751e+005  1.751e+005 -1.751e+005  2.579e-008
      23 -1.751e+005  1.751e+005  1.751e+005 -1.751e+005 -1.544e+005  1.544e+005  1.544e+005 -1.544e+005  3.313e-008
      24 -1.544e+005  1.544e+005  1.544e+005 -1.544e+005 -1.301e+005  1.301e+005  1.301e+005 -1.301e+005  3.692e-008
      25 -1.301e+005  1.301e+005  1.301e+005 -1.301e+005 -1.028e+005  1.028e+005  1.028e+005 -1.028e+005  3.869e-008
      26 -8.949e+004  8.949e+004  8.949e+004 -8.949e+004 -6.346e+004  6.346e+004  6.346e+004 -6.346e+004  3.578e-008
      27 -6.346e+004  6.346e+004  6.346e+004 -6.346e+004 -3.582e+004  3.582e+004  3.582e+004 -3.582e+004  3.595e-008
      28 -3.582e+004  3.582e+004  3.582e+004 -3.582e+004 -7.215e+003  7.215e+003  7.215e+003 -7.215e+003  3.613e-008
      29 -7.215e+003  7.215e+003  7.215e+003 -7.215e+003  2.171e+004 -2.171e+004 -2.171e+004  2.171e+004  3.702e-008
      30  2.171e+004 -2.171e+004 -2.171e+004  2.171e+004  5.030e+004 -5.030e+004 -5.030e+004  5.030e+004  3.367e-008
      31  5.030e+004 -5.030e+004 -5.030e+004  5.030e+004  7.791e+004 -7.791e+004 -7.791e+004  7.791e+004  2.446e-008
      32  7.791e+004 -7.791e+004 -7.791e+004  7.791e+004  1.039e+005 -1.039e+005 -1.039e+005  1.039e+005  1.690e-008
      33  1.039e+005 -1.039e+005 -1.039e+005  1.039e+005  1.278e+005 -1.278e+005 -1.278e+005  1.278e+005  9.220e-009
      34  1.278e+005 -1.278e+005 -1.278e+005  1.278e+005  1.489e+005 -1.489e+005 -1.489e+005  1.489e+005  4.052e-009
      35  1.489e+005 -1.489e+005 -1.489e+005  1.489e+005  1.668e+005 -1.668e+005 -1.668e+005  1.668e+005 -2.432e-009
      36  1.478e+005 -1.478e+005 -1.478e+005  1.478e+005  1.609e+005 -1.609e+005 -1.609e+005  1.609e+005 -1.489e-008
      37  1.609e+005 -1.609e+005 -1.609e+005  1.609e+005  1.706e+005 -1.706e+005 -1.706e+005  1.706e+005 -2.709e-008
      38  1.706e+005 -1.706e+005 -1.706e+005  1.706e+005  1.767e+005 -1.767e+005 -1.767e+005  1.767e+005 -3.559e-008
      39  1.767e+005 -1.767e+005 -1.767e+005  1.767e+005  1.791e+005 -1.791e+005 -1.791e+005  1.791e+005 -4.879e-008
      40  1.791e+005 -1.791e+005 -1.791e+005  1.791e+005  1.776e+005 -1.776e+005 -1.776e+005  1.776e+005 -5.705e-008
      41  1.776e+005 -1.776e+005 -1.776e+005  1.776e+005  1.723e+005 -1.723e+005 -1.723e+005  1.723e+005 -6.100e-008
      42  1.723e+005 -1.723e+005 -1.723e+005  1.723e+005  1.634e+005 -1.634e+005 -1.634e+005  1.634e+005 -5.116e-008
      43  1.634e+005 -1.634e+005 -1.634e+005  1.634e+005  1.511e+005 -1.511e+005 -1.511e+005  1.511e+005 -3.023e-008
      44  1.511e+005 -1.511e+005 -1.511e+005  1.511e+005  1.355e+005 -1.355e+005 -1.355e+005  1.355e+005 -1.309e-008
      45  1.355e+005 -1.355e+005 -1.355e+005  1.355e+005  1.170e+005 -1.170e+005 -1.170e+005  1.170e+005  9.391e-009
      46  1.170e+005 -1.170e+005 -1.170e+005  1.170e+005  9.611e+004 -9.611e+004 -9.611e+004  9.611e+004  3.584e-008
      47  9.611e+004 -9.611e+004 -9.611e+004  9.611e+004  7.312e+004 -7.312e+004 -7.312e+004  7.312e+004  5.596e-008
      48  7.312e+004 -7.312e+004 -7.312e+004  7.312e+004  4.859e+004 -4.859e+004 -4.859e+004  4.859e+004  6.699e-008
      49  4.859e+004 -4.859e+004 -4.859e+004  4.859e+004  2.301e+004 -2.301e+004 -2.301e+004  2.301e+004  6.492e-008
      50  2.301e+004 -2.301e+004 -2.301e+004  2.301e+004 -3.051e+003  3.051e+003  3.051e+003 -3.051e+003  5.925e-008
      51 -3.051e+003  3.051e+003  3.051e+003 -3.051e+003 -2.906e+004  2.906e+004  2.906e+004 -2.906e+004  4.963e-008
      52 -2.906e+004  2.906e+004  2.906e+004 -2.906e+004 -5.445e+004  5.445e+004  5.445e+004 -5.445e+004  2.642e-008
      53 -5.445e+004  5.445e+004  5.445e+004 -5.445e+004 -7.869e+004  7.869e+004  7.869e+004 -7.869e+004  3.494e-009
      54 -7.869e+004  7.869e+004  7.869e+004 -7.869e+004 -1.013e+005  1.013e+005  1.013e+005 -1.013e+005 -1.381e-008
      55 -1.013e+005  1.013e+005  1.013e+005 -1.013e+005 -1.217e+005  1.217e+005  1.217e+005 -1.217e+005 -2.785e-008
      56 -1.217e+005  1.217e+005  1.217e+005 -1.217e+005 -1.396e+005  1.396e+005  1.396e+005 -1.396e+005 -2.936e-008
      57 -1.396e+005  1.396e+005  1.396e+005 -1.396e+005 -1.545e+005  1.545e+005  1.545e+005 -1.545e+005 -3.423e-008
      58 -1.545e+005  1.545e+005  1.545e+005 -1.545e+005 -1.661e+005  1.661e+005  1.661e+005 -1.661e+005 -3.454e-008
      59 -1.661e+005  1.661e+005  1.661e+005 -1.661e+005 -1.743e+005  1.743e+005  1.743e+005 -1.743e+005 -3.331e-008
      60 -1.743e+005  1.743e+005  1.743e+005 -1.743e+005 -1.787e+005  1.787e+005  1.787e+005 -1.787e+005 -3.238e-008
      61 -1.787e+005  1.787e+005  1.787e+005 -1.787e+005 -1.794e+005  1.794e+005  1.794e+005 -1.794e+005 -3.319e-008
      62 -1.794e+005  1.794e+005  1.794e+005 -1.794e+005 -1.763e+005  1.763e+005  1.763e+005 -1.763e+005 -3.806e-008
      63 -1.763e+005  1.763e+005  1.763e+005 -1.763e+005 -1.695e+005  1.695e+005  1.695e+005 -1.695e+005 -4.107e-008
      64 -1.695e+005  1.695e+005  1.695e+005 -1.695e+005 -1.591e+005  1.591e+005  1.591e+005 -1.591e+005 -3.837e-008
      65 -1.591e+005  1.591e+005  1.591e+005 -1.591e+005 -1.454e+005  1.454e+005  1.454e+005 -1.454e+005 -3.288e-008
      66 -1.454e+005  1.454e+005  1.454e+005 -1.454e+005 -1.286e+005  1.286e+005  1.286e+005 -1.286e+005 -3.433e-008
      67 -1.286e+005  1.286e+005  1.286e+005 -1.286e+005 -1.091e+005  1.091e+005  1.091e+005 -1.091e+005 -3.541e-008
      68 -1.091e+005  1.091e+005  1.091e+005 -1.091e+005 -8.738e+004  8.738e+004  8.738e+004 -8.738e+004 -2.591e-008
      69 -8.738e+004  8.738e+004  8.738e+004 -8.738e+004 -6.385e+004  6.385e+004  6.385e+004 -6.385e+004 -1.724e-008
      70 -6.385e+004  6.385e+004  6.385e+004 -6.385e+004 -3.903e+004  3.903e+004  3.903e+004 -3.903e+004  6.722e-010
      71 -3.903e+004  3.903e+004  3.903e+004 -3.903e+004 -1.346e+004  1.346e+004  1.346e+004 -1.346e+004  2.206e-008
      72 -1.346e+004  1.346e+004  1.346e+004 -1.346e+004  1.231e+004 -1.231e+004 -1.231e+004  1.231e+004  3.640e-008
      73  1.231e+004 -1.231e+004 -1.231e+004  1.231e+004  3.771e+004 -3.771e+004 -3.771e+004  3.771e+004  4.472e-008
      74  3.771e+004 -3.771e+004 -3.771e+004  3.771e+004  6.220e+004 -6.220e+004 -6.220e+004  6.220e+004  4.795e-008
      75  6.944e+004 -6.944e+004 -6.944e+004  6.944e+004  9.453e+004 -9.453e+004 -9.453e+004  9.453e+004  5.689e-008
      76  9.453e+004 -9.453e+004 -9.453e+004  9.453e+004  1.176e+005 -1.176e+005 -1.176e+005  1.176e+005  6.207e-008
      77  1.176e+005 -1.176e+005 -1.176e+005  1.176e+005  1.381e+005 -1.381e+005 -1.381e+005  1.381e+005  6.373e-008
      78  1.381e+005 -1.381e+005 -1.381e+005  1.381e+005  1.556e+005 -1.556e+005 -1.556e+005  1.556e+005  6.720e-008
      79  1.556e+005 -1.556e+005 -1.556e+005  1.556e+005  1.699e+005 -1.699e+005 -1.699e+005  1.699e+005  7.072e-008
      80  1.699e+005 -1.699e+005 -1.699e+005  1.699e+005  1.805e+005 -1.805e+005 -1.805e+005  1.805e+005  7.375e-008
      81  1.805e+005 -1.805e+005 -1.805e+005  1.805e+005  1.873e+005 -1.873e+005 -1.873e+005  1.873e+005  6.514e-008
      82  1.873e+005 -1.873e+005 -1.873e+005  1.873e+005  1.902e+005 -1.902e+005 -1.902e+005  1.902e+005  5.294e-008
      83  1.902e+005 -1.902e+005 -1.902e+005  1.902e+005  1.891e+005 -1.891e+005 -1.891e+005  1.891e+005  3.807e-008
      84  1.891e+005 -1.891e+005 -1.891e+005  1.891e+005  1.841e+005 -1.841e+005 -1.841e+005  1.841e+005  9.385e-009
      85  2.266e+005 -2.266e+005 -2.266e+005  2.266e+005  2.167e+005 -2.167e+005 -2.167e+005  2.167e+005 -1.791e-008
      86  2.167e+005 -2.167e+005 -2.167e+005  2.167e+005  2.041e+005 -2.041e+005 -2.041e+005  2.041e+005 -3.427e-008
      87  2.041e+005 -2.041e+005 -2.041e+005  2.041e+005  1.891e+005 -1.891e+005 -1.891e+005  1.891e+005 -4.452e-008
      88  1.891e+005 -1.891e+005 -1.891e+005  1.891e+005  1.721e+005 -1.721e+005 -1.721e+005  1.721e+005 -5.073e-008
      89  1.721e+005 -1.721e+005 -1.721e+005  1.721e+005  1.533e+005 -1.533e+005 -1.533e+005  1.533e+005 -6.067e-008
      90  1.533e+005 -1.533e+005 -1.533e+005  1.533e+005  1.334e+005 -1.334e+005 -1.334e+005  1.334e+005 -7.464e-008
      91  1.334e+005 -1.334e+005 -1.334e+005  1.334e+005  1.128e+005 -1.128e+005 -1.128e+005  1.128e+005 -8.500e-008
      92  1.128e+005 -1.128e+005 -1.128e+005  1.128e+005  9.217e+004 -9.217e+004 -9.217e+004  9.217e+004 -8.760e-008
      93  9.217e+004 -9.217e+004 -9.217e+004  9.217e+004  7.202e+004 -7.202e+004 -7.202e+004  7.202e+004 -8.405e-008
      94  7.202e+004 -7.202e+004 -7.202e+004  7.202e+004  5.306e+004 -5.306e+004 -5.306e+004  5.306e+004 -7.673e-008
      95  5.306e+004 -5.306e+004 -5.306e+004  5.306e+004  3.594e+004 -3.594e+004 -3.594e+004  3.594e+004 -6.368e-008
      96  3.594e+004 -3.594e+004 -3.594e+004  3.594e+004  2.137e+004 -2.137e+004 -2.137e+004  2.137e+004 -4.526e-008
      97  2.137e+004 -2.137e+004 -2.137e+004  2.137e+004  1.005e+004 -1.005e+004 -1.005e+004  1.005e+004 -2.840e-008
      98  1.005e+004 -1.005e+004 -1.005e+004  1.005e+004  2.690e+003 -2.690e+003 -2.690e+003  2.690e+003 -1.402e-008
      99  2.690e+003 -2.690e+003 -2.690e+003  2.690e+003 -4.923e-009  4.923e-009  4.923e-009 -4.923e-009 -3.077e-009
      99  2.690e+003 -2.690e+003 -2.690e+003  2.690e+003 -4.923e-009  4.923e-009  4.923e-009 -4.923e-009 -3.077e-009
      99  2.690e+003 -2.690e+003 -2.690e+003  2.690e+003 -4.923e-009  4.923e-009  4.923e-009 -4.923e-009 -3.077e-009
      99  2.690e+003 -2.690e+003 -2.690e+003  2.690e+003 -4.923e-009  4.923e-009  4.923e-009 -4.923e-009 -3.077e-009
      99  2.690e+003 -2.690e+003 -2.690e+003  2.690e+003 -4.923e-009  4.923e-009  4.923e-009 -4.923e-009 -3.077e-009
      99  2.690e+003 -2.690e+003 -2.690e+003  2.690e+003 -4.923e-009  4.923e-009  4.923e-009 -4.923e-009 -3.077e-009
      99  2.690e+003 -2.690e+003 -2.690e+003  2.690e+003 -4.923e-009  4.923e-009  4.923e-009 -4.923e-009 -3.077e-009
      99  2.690e+003 -2.690e+003 -2.690e+003  2.690e+003 -4.923e-009  4.923e-009  4.923e-009 -4.923e-009 -3.077e-009
