3           1           18.1        1           
15 15 
4 
11 
291.298004 0 0.25 
292.181 0 0.5 
293.22699 0 1 
293.862 0 1.5 
294.295013 0 2 
294.80899 0 3 
294.992004 0 4 
295 0 5 
295 0 16.1 
295 0 24 
295 0 31 
15 
291.298004 0 0.25 
291.3125 0.945 0.5 
291.3125 2.031 1 
291.3125 3.4 2 
291.3125 4.5 3.158 
291.3125 5.144 4 
291.3125 6.336 6 
291.3125 7 7.532 
291.3125 8.07 12 
291.3125 8.247 14.5 
291.3125 8.258 16.5 
291.3125 8.258 18.5 
291.3125 9 23.507 
291.3125 9.813 25 
291.3125 11 27.188 
15 
287.200012 0 0 
287.625 1.5 0.04 
287.625 4.082 0.5 
287.625 4.5 0.64 
287.625 5.335 1 
287.625 6.928 2 
287.625 8.89 4 
287.625 10.124 6 
287.625 10.917 8 
287.625 11.666 12 
287.625 11.759 14.5 
287.625 11.76 16.5 
287.625 11.76 18.5 
287.625 13.256 25 
287.625 14 26.43 
16 
280.25 0 0 
280.25 1.5 0 
280.25 4.5 0.001 
280.25 7 0.105 
280.25 9 0.437 
280.25 11 1.13 
280.25 12.513 2 
280.25 14 3.299 
280.25 15.739 6 
280.25 16.374001 8 
280.25 16.781 12 
280.25 16.798 14.5 
280.25 16.798 16.5 
280.25 16.798 18.5 
280.25 17.5 23.916 
280.25 17.915001 25 
50 20 
21 
16 
280.25 0 0 
280.25 1.5 0 
280.25 4.5 0.001 
280.25 7 0.105 
280.25 9 0.437 
280.25 11 1.13 
280.25 12.513 2 
280.25 14 3.299 
280.25 15.739 6 
280.25 16.374001 8 
280.25 16.781 12 
280.25 16.798 14.5 
280.25 16.798 16.5 
280.25 16.798 18.5 
280.25 17.5 23.916 
280.25 17.915001 25 
17 
272.875 0 0 
272.875 1.5 0 
272.875 4.5 0 
272.875 7 0 
272.875 9 0.007 
272.875 11 0.113 
272.875 13.274 0.5 
272.875 14.798 1 
272.875 16.611 2 
272.875 17.5 2.74 
272.875 18.556999 4 
272.875 20 7.866 
272.875 20.233999 12 
272.875 20.235001 14.5 
272.875 20.235001 16.5 
272.875 20.235001 18.5 
272.875 20.896999 25 
18 
265.5 0 0 
265.5 1.5 0 
265.5 4.5 0 
265.5 7 0 
265.5 11 0 
265.5 14 0.091 
265.5 16.43 0.5 
265.5 17.896 1 
265.5 19.582001 2 
265.5 20 2.358 
265.5 21.292 4 
265.5 22.054001 6 
265.5 22.372 8 
265.5 22.474001 12 
265.5 22.474001 14.5 
265.5 22.474001 16.5 
265.5 22.474001 18.5 
265.5 22.746 25 
22 
250.75 0 0 
250.75 1.5 0 
250.75 4.5 0 
250.75 7 0 
250.75 9 0 
250.75 11 0 
250.75 14 0 
250.75 16.448999 0 
250.75 17.5 0.009 
250.75 20 0.286 
250.75 20.754 0.5 
250.75 21.879 1 
250.75 23 1.878 
250.75 24.135 4 
250.75 24.457001 6 
250.75 24.5 6.889 
250.75 24.517 8 
250.75 24.52 12 
250.75 24.52 14.5 
250.75 24.52 16.5 
250.75 24.52 18.5 
250.75 24.539 25 
19 
236 0 0 
236 1.5 0 
236 4.5 0 
236 7 0 
236 9 0 
236 11 0 
236 14 0 
236 17.5 0 
236 20.223 0 
236 23 0.436 
236 24.5 1.876 
236 24.943001 4 
236 24.972 6 
236 24.972 8 
236 24.972 12 
236 24.972 14.5 
236 24.972 16.5 
236 24.972 18.5 
236 24.972 25 
20 
221.25 0 0 
221.25 1.5 0 
221.25 4.5 0 
221.25 7 0 
221.25 9 0 
221.25 11 0 
221.25 14 0 
221.25 17.5 0 
221.25 20 0 
221.25 22.464001 0 
221.25 24.204 0.5 
221.25 24.973 2 
221.25 25 4 
221.25 25 6 
221.25 25 8 
221.25 25 12 
221.25 25 14.5 
221.25 25 16.5 
221.25 25 18.5 
221.25 25 25 
21 
206.5 0 0 
206.5 1.5 0 
206.5 4.5 0 
206.5 7 0 
206.5 9 0 
206.5 11 0 
206.5 14 0 
206.5 17.5 0 
206.5 20 0 
206.5 23 0 
206.5 24.5 0.555 
206.5 24.812 1 
206.5 25 2 
206.5 25 4 
206.5 25 6 
206.5 25 8 
206.5 25 12 
206.5 25 14.5 
206.5 25 16.5 
206.5 25 18.5 
206.5 25 25 
21 
191.75 0 0 
191.75 4.5 0 
191.75 7 0 
191.75 9 0 
191.75 11 0 
191.75 14 0 
191.75 17.5 0 
191.75 20 0 
191.75 23 0 
191.75 24.5 0 
191.75 24.445 0.5 
191.75 24.812 1 
191.75 25 2 
191.75 25 4 
191.75 25 6 
191.75 25 8 
191.75 25 12 
191.75 25 14.5 
191.75 25 16.5 
191.75 25 18.5 
191.75 25 25 
20 
177 0 0 
177 1.5 0 
177 4.5 0 
177 7 0 
177 9 0 
177 11 0 
177 14 0 
177 17.5 0 
177 20 0 
177 23 0 
177 24.812 1 
177 25 2 
177 25 4 
177 25 6 
177 25 8 
177 25 12 
177 25 14.5 
177 25 16.5 
177 25 18.5 
177 25 25 
18 
147.5 0 0 
147.5 1.5 0 
147.5 4.5 0 
147.5 9 0 
147.5 11 0 
147.5 14 0 
147.5 23.200001 0 
147.5 24.5 0 
147.5 24.812 1 
147.5 25 2 
147.5 25 4 
147.5 25 6 
147.5 25 8 
147.5 25 12 
147.5 25 14.5 
147.5 25 16.5 
147.5 25 18.5 
147.5 25 25 
19 
132.75 0 0 
132.75 1.5 0 
132.75 4.5 0 
132.75 7 0 
132.75 9 0 
132.75 11 0 
132.75 14 0 
132.75 23.200001 0 
132.75 24.5 0 
132.75 24.812 1 
132.75 25 2 
132.75 25 4 
132.75 25 6 
132.75 25 8 
132.75 25 12 
132.75 25 14.5 
132.75 25 16.5 
132.75 25 18.5 
132.75 25 25 
21 
118 0 0 
118 1.5 0 
118 4.5 0 
118 7 0 
118 9 0 
118 11 0 
118 14 0 
118 17.5 0 
118 20 0 
118 23 0 
118 24.445 0.5 
118 24.812 1 
118 25 2 
118 25 4 
118 25 6 
118 25 8 
118 25 12 
118 25 14.5 
118 25 16.5 
118 25 18.5 
118 25 25 
21 
103.25 0 0 
103.25 1.5 0 
103.25 4.5 0 
103.25 7 0 
103.25 9 0 
103.25 11 0 
103.25 14 0 
103.25 17.5 0 
103.25 20 0 
103.25 22.305 0 
103.25 24.01 0.5 
103.25 24.482 1 
103.25 24.892 2 
103.25 25 4 
103.25 25 6 
103.25 25 8 
103.25 25 12 
103.25 25 14.5 
103.25 25 16.5 
103.25 25 18.5 
103.25 25 25 
21 
88.5 0 0 
88.5 1.5 0 
88.5 4.5 0 
88.5 7 0 
88.5 9 0 
88.5 11 0 
88.5 14 0 
88.5 17.5 0 
88.5 20 0.013 
88.5 22.149 0.5 
88.5 23 0.996 
88.5 23.962 2 
88.5 24.5 3.057 
88.5 24.757999 4 
88.5 24.968 6 
88.5 25 8 
88.5 25 12 
88.5 25 14.5 
88.5 25 16.5 
88.5 25 18.5 
88.5 25 25 
15 
73.75 0 0 
73.75 4.5 0 
73.75 9 0 
73.75 14.567 0 
73.75 18.634001 0.5 
73.75 21.663 2 
73.75 23.482 4 
73.75 24.334999 6 
73.75 24.5 6.65 
73.75 24.739 8 
73.75 24.981001 12 
73.75 25 14.5 
73.75 25 16.5 
73.75 25 18.5 
73.75 25 25 
18 
59 0 0 
59 1.5 0 
59 4.5 0 
59 7 0 
59 9 0 
59 11 0.06 
59 14 0.46 
59 15.806 1 
59 17.929001 2 
59 20 3.46 
59 20.58 4 
59 22.232 6 
59 23 7.31 
59 24.5 11.95 
59 24.804001 14.5 
59 24.906 16.5 
59 24.931 18.5 
59 24.931 25 
15 
44.25 0 0 
44.25 3.917 0 
44.25 7 0.113 
44.25 9 0.394 
44.25 11 0.965 
44.25 13.072 2 
44.25 15.68 4 
44.25 17.636999 6 
44.25 20 8.603 
44.25 22.674999 12 
44.25 23 12.621 
44.25 23.702 14.5 
44.25 24.063999 16.5 
44.25 24.153999 18.5 
44.25 24.153999 25 
18 
29.5 0 0 
29.5 1.5 0.002 
29.5 4.5 0.328 
29.5 6.404 1 
29.5 7 1.356 
29.5 7.761 2 
29.5 9.069 4 
29.5 9.995 6 
29.5 11 7.507 
29.5 11.47 8 
29.5 14 9.701 
29.5 17.5 11.387 
29.5 18.455 12 
29.5 20 13.39 
29.5 20.804001 14.5 
29.5 21.608 16.5 
29.5 21.868 18.5 
29.5 21.884001 25 
18 
22.125 0 0 
22.125 1.5 0.062 
22.125 3.29 0.5 
22.125 4.235 1 
22.125 5.195 2 
22.125 5.722 4 
22.125 5.771 6 
22.125 6.476 8 
22.125 7 8.605 
22.125 9 9.854 
22.125 11 10.558 
22.125 14 11.517 
22.125 15.15 12 
22.125 17.5 13.469 
22.125 18.486 14.5 
22.125 19.552 16.5 
22.125 20 18.839 
22.125 20.006001 25 
16 
14.75 0 0 
14.75 1.708 0.5 
14.75 2.298 1 
14.75 2.842 2 
14.75 2.802 4 
14.75 2.266 6 
14.75 2.245 8 
14.75 4.5 10.239 
14.75 7 10.97 
14.75 9 11.457 
14.75 10.872 12 
14.75 14 13.356 
14.75 15.464 14.5 
14.75 16.846001 16.5 
14.75 17.5 18.705 
14.75 17.535 25 
16 
7.375 0 0 
7.375 0 2 
7.375 0 4 
7.375 0 6 
7.375 0 8 
7.375 1.5 10.916 
7.375 4.5 11.763 
7.375 5.451 12 
7.375 7 12.41 
7.375 9 13.081 
7.375 11 14.075 
7.375 11.616 14.5 
7.375 13.417 16.5 
7.375 14 17.707 
7.375 14.272 18.5 
7.375 14.39 25 
6 20 
3 
16 
7.375 0 0 
7.375 0 2 
7.375 0 4 
7.375 0 6 
7.375 0 8 
7.375 1.5 10.916 
7.375 4.5 11.763 
7.375 5.451 12 
7.375 7 12.41 
7.375 9 13.081 
7.375 11 14.075 
7.375 11.616 14.5 
7.375 13.417 16.5 
7.375 14 17.707 
7.375 14.272 18.5 
7.375 14.39 25 
20 
7.375 0 0 
7.375 0 2 
7.375 0 4 
7.375 0 6 
7.375 0 8 
6.901 0 9.5 
5.65 0 11 
4.5 0 11.55 
3 0 12 
1.333 0 12.5 
0 0 12.9 
-2 0 13.5 
-3.667 0 14 
-5 0 14.4 
-5 1.88 14.5 
-5 4.5 15.21 
-5 6.137 16.5 
-5 7 17.81 
-5 7.329 18.5 
-5 7.501 25 
18 
7.375 0 0 
7.375 0 2 
7.375 0 4 
7.375 0 6 
7.375 0 8 
6.901 0 9.5 
5.65 0 11 
4.5 0 11.55 
3 0 12 
1.333 0 12.5 
0 0 12.9 
-2 0 13.5 
-3.667 0 14 
-5 0 14.4 
-5 0 16 
-5 0 18 
-5 0 20 
-5 0 25 
