4 3
20 10
2
2
 5.500e+002  0.000e+000  8.030e+000
 5.500e+002  0.000e+000 -4.197e+001
2
 5.500e+002  1.000e+002  8.030e+000
 5.500e+002  1.000e+002 -4.197e+001
40 10
2
2
 5.500e+002  1.000e+002  8.030e+000
 5.500e+002  1.000e+002 -4.197e+001
2
-2.500e+002  1.000e+002  8.030e+000
-2.500e+002  1.000e+002 -4.197e+001
20 10
2
2
-2.500e+002  1.000e+002  8.030e+000
-2.500e+002  1.000e+002 -4.197e+001
2
-2.500e+002  0.000e+000  8.030e+000
-2.500e+002  0.000e+000 -4.197e+001
40 20
2
2
 5.500e+002  1.000e+002 -4.197e+001
 5.500e+002  0.000e+000 -4.197e+001
2
-2.500e+002  1.000e+002 -4.197e+001
-2.500e+002  0.000e+000 -4.197e+001
