JOB WALAS
"ship1_nodeElement.wet"
"ship1_nodeElement.dry"
"ship1_node.modal"
"ship1_element.modal"
"ship1_element.dudx"
"ship1_nodeElement_free.wet"
"ship1_nodeElement_control.wet"
"ship1_nodeElement_slmParam.ini"
175         9.5           1           1           1           0           0           -4          4           0.05        
86.2           0         9.52           
1.67E+09           4.26E+10           4.43E+10           0           0           0           
0           0           7.098           0           
0           1025        9.81            1500.
1           300         
1           39          
0.1         0.15        0.2         0.25        0.3         0.35        
0.4         0.45        0.5         0.55        0.6         0.65        
0.7         0.75        0.8         0.85        0.9         0.95        
1           1.05        1.1         1.15        1.2         1.25        
1.3         1.35        1.4         1.45        1.5         1.55        
1.6         1.65        1.7         1.75        1.8         1.85        
1.9         1.95        2           
1           13          
0           15          30          45          60          75          
90          105         120         135         150         165         
180         
100         
0           0           4           
0           1
0           0           0.05        0.05        0.05        0 
0.01       0.01    0.01    0.01   
20
4.000E+05	4.375 	0.000 	9.520 	2.78E+07
4.000E+05	13.125 	0.000 	9.520 	2.78E+07
1.300E+06	21.875 	0.000 	9.520 	9.02E+07
1.300E+06	30.625 	0.000 	9.520 	9.02E+07
1.300E+06	39.375 	0.000 	9.520 	9.02E+07
1.300E+06	48.125 	0.000 	9.520 	9.02E+07
1.400E+06	56.875 	0.000 	9.520 	9.72E+07
1.500E+06	65.625 	0.000 	9.520 	1.04E+08
1.700E+06	74.375 	0.000 	9.520 	1.18E+08
1.900E+06	83.125 	0.000 	9.520 	1.32E+08
1.700E+06	91.875 	0.000 	9.520 	1.18E+08
1.600E+06	100.625 	0.000 	9.520 	1.11E+08
1.400E+06	109.375 	0.000 	9.520 	9.72E+07
1.300E+06	118.125 	0.000 	9.520 	9.02E+07
1.300E+06	126.875 	0.000 	9.520 	9.02E+07
1.300E+06	135.625 	0.000 	9.520 	9.02E+07
1.100E+06	144.375 	0.000 	9.520 	7.63E+07
1.100E+06	153.125 	0.000 	9.520 	7.63E+07
4.000E+05	161.875 	0.000 	9.520 	2.78E+07
4.000E+05	170.625 	0.000 	9.520 	2.78E+07
5  -1
37.1875    0    9.52
63.4375    0    9.52
86.2   0    9.52
111.5625    0    9.52
137.8125    0    9.52
SPRINGER
0
1.0e4 1.0e4 0 0 0 1.0e5           
