0
1.0e4 1.0e4 0 0 0 1.0e5
76          
"B001"
0   2.0 50.2655    
2.51327     1005.31     753.982     854.513    
0
"B002"
0   2.0 41.8879    
2.0944      837.758     628.319     712.094    
0
"B003"
0   2.0 35.9039    
1.7952      718.078     538.559     610.367    
0
"B004"
0   2.0 31.4159    
1.5708      628.319     471.239     534.071    
0
"B005"
0   2.0 27.9253    
1.39626     558.505     418.879     474.73     
0
"B006"
0   2.0 25.1327    
1.25664     502.655     376.991     427.257    
0
"B007"
0   2.0 22.8479    
1.1424      456.959     342.719     388.415    
0
"B008"
0   2.0 20.944     
1.0472      418.879     314.159     356.047    
0
"B009"
0   2.0 19.3329    
0.966644    386.658     289.993     328.659    
0
"B010"
0   2.0 17.952     
0.897598    359.039     269.279     305.183    
0
"B011"
0   2.0 16.7552    
0.837758    335.103     251.327     284.838    
0
"B012"
0   2.0 15.708     
0.785398    314.159     235.619     267.035    
0
"B013"
0   2.0 14.784     
0.739198    295.679     221.759     251.327    
0
"B014"
0   2.0 13.9626    
0.698132    279.253     209.44      237.365    
0
"B015"
0   2.0 13.2278    
0.661388    264.555     198.416     224.872    
0
"B016"
0   2.0 12.5664    
0.628319    251.327     188.496     213.628    
0
"B017"
0   2.0 11.968     
0.598399    239.359     179.52      203.456    
0
"B018"
0   2.0 11.424     
0.571199    228.479     171.36      194.208    
0
"B019"
0   2.0 10.9273    
0.546364    218.546     163.909     185.764    
0
"B020"
0   2.0 10.472     
0.523599    209.44      157.08      178.024    
0
"B021"
0   2.0 10.0531    
0.502655    201.062     150.796     170.903    
0
"B022"
0   2.0 9.66644    
0.483322    193.329     144.997     164.329    
0
"B023"
0   2.0 9.30842    
0.465421    186.168     139.626     158.243    
0
"B024"
0   2.0 8.97598    
0.448799    179.52      134.64      152.592    
0
"B025"
0   2.0 8.66646    
0.433323    173.329     129.997     147.33     
0
"B026"
0   2.0 8.37758    
0.418879    167.552     125.664     142.419    
0
"B027"
0   2.0 8.10734    
0.405367    162.147     121.61      137.825    
0
"B028"
0   2.0 7.85398    
0.392699    157.08      117.81      133.518    
0
"B029"
0   2.0 7.61598    
0.380799    152.32      114.24      129.472    
0
"B030"
0   2.0 7.39198    
0.369599    147.84      110.88      125.664    
0
"B031"
0   2.0 7.18078    
0.359039    143.616     107.712     122.073    
0
"B032"
0   2.0 6.98132    
0.349066    139.626     104.72      118.682    
0
"B033"
0   2.0 6.79263    
0.339632    135.853     101.889     115.475    
0
"B034"
0   2.0 6.61388    
0.330694    132.278     99.2082     112.436    
0
"B035"
0   2.0 6.44429    
0.322215    128.886     96.6644     109.553    
0
"B036"
0   2.0 6.28319    
0.314159    125.664     94.2478     106.814    
0
"B037"
0   2.0 6.12994    
0.306497    122.599     91.9491     104.209    
0
"B038"
0   2.0 5.98399    
0.299199    119.68      89.7598     101.728    
0
"B039"
0   2.0 5.84482    
0.292241    116.896     87.6724     99.362     
0
"B040"
0   2.0 5.71199    
0.285599    114.24      85.6798     97.1038    
0
"B041"
0   2.0 5.58505    
0.279253    111.701     83.7758     94.9459    
0
"B042"
0   2.0 5.46364    
0.273182    109.273     81.9546     92.8819    
0
"B043"
0   2.0 5.34739    
0.26737     106.948     80.2109     90.9057    
0
"B044"
0   2.0 5.23599    
0.261799    104.72      78.5398     89.0118    
0
"B045"
0   2.0 5.12913    
0.256457    102.583     76.937      87.1952    
0
"B046"
0   2.0 5.02655    
0.251327    100.531     75.3982     85.4513    
0
"B047"
0   2.0 4.92799    
0.246399    98.5598     73.9198     83.7758    
0
"B048"
0   2.0 4.83322    
0.241661    96.6644     72.4983     82.1647    
0
"B049"
0   2.0 4.74203    
0.237101    94.8405     71.1304     80.6145    
0
"B050"
0   2.0 4.65421    
0.232711    93.0842     69.8132     79.1216    
0
"B051"
0   2.0 4.56959    
0.228479    91.3918     68.5438     77.683     
0
"B052"
0   2.0 4.48799    
0.224399    89.7598     67.3198     76.2958    
0
"B053"
0   2.0 4.40925    
0.220463    88.1851     66.1388     74.9573    
0
"B054"
0   2.0 4.33323    
0.216662    86.6646     64.9985     73.6649    
0
"B055"
0   2.0 4.25979    
0.212989    85.1957     63.8968     72.4164    
0
"B056"
0   2.0 4.18879    
0.20944     83.7758     62.8319     71.2094    
0
"B057"
0   2.0 4.12012    
0.206006    82.4024     61.8018     70.0421    
0
"B058"
0   2.0 4.05367    
0.202683    81.0734     60.805      68.9124    
0
"B059"
0   2.0 3.98932    
0.199466    79.7865     59.8399     67.8185    
0
"B060"
0   2.0 3.92699    
0.19635     78.5398     58.9049     66.7588    
0
"B061"
0   2.0 3.86658    
0.193329    77.3315     57.9986     65.7318    
0
"B062"
0   2.0 3.80799    
0.1904      76.1598     57.1199     64.7358    
0
"B063"
0   2.0 3.75116    
0.187558    75.0231     56.2673     63.7696    
0
"B064"
0   2.0 3.69599    
0.1848      73.9198     55.4399     62.8319    
0
"B065"
0   2.0 3.64243    
0.182121    72.8485     54.6364     61.9212    
0
"B066"
0   2.0 3.59039    
0.17952     71.8078     53.8559     61.0367    
0
"B067"
0   2.0 3.53982    
0.176991    70.7965     53.0973     60.177     
0
"B068"
0   2.0 3.49066    
0.174533    69.8132     52.3599     59.3412    
0
"B069"
0   2.0 3.44284    
0.172142    68.8568     51.6426     58.5283    
0
"B070"
0   2.0 3.39632    
0.169816    67.9263     50.9447     57.7374    
0
"B071"
0   2.0 3.35103    
0.167552    67.0206     50.2655     56.9675    
0
"B072"
0   2.0 3.30694    
0.165347    66.1388     49.6041     56.218     
0
"B073"
0   2.0 3.26399    
0.1632      65.2798     48.9599     55.4879    
0
"B074"
0   2.0 3.22215    
0.161107    64.4429     48.3322     54.7765    
0
"B075"
0   2.0 3.18136    
0.159068    63.6272     47.7204     54.0831    
0
"B076"
0   2.0 3.14159    
0.15708     62.8319     47.1239     53.4071    
0
