JOB WALAS
"nodeElement_walas.wet"
"nodeElement_walas.dry"
"node_walas.modal"
"element_walas.modal"
"element_walas.dudx"
"nodeElement_free.wet"
"nodeElement_control.wet"
"slmParam.ini"
383         16.77       1           1           1           0           0           -6          6           0.1         
192.391     0.01        24.258      
1.107e+11   2.322e+12   2.433e+12   0           0           0           
0           0           0           0
0           1025        9.81        
1           1000.0
1           56          
0.05        0.1         0.15        0.2         0.25        0.3         
0.35        0.4         0.45        0.5         0.55        0.6         
0.65        0.7         0.75        0.8         0.85        0.95        
1           1.05        1.1         1.15        1.2         1.25        
1.3         1.35        1.4         1.6         1.65        1.7         
1.75        1.8         1.85        1.9         1.95        2           
2.05        2.1         2.15        2.2         2.25        2.3         
2.35        2.4         2.45        2.5         2.55        2.6         
2.65        2.7         2.75        2.8         2.85        2.9         
2.95        3           
1           7           
0           30          60          90          120         150         
180         
100         
0           0           6           
0           1
0.03        0.03        0.03        0.03        0.01        0.03
0.01        0.01        0.01        0.01        0.01        0.01           
20          
6.633E+06	 10.975 	0.000 	24.258	5.535E+09
9.054E+06	 29.074 	0.000 	24.258	5.535E+09
1.057E+07	 47.598 	0.000 	24.258	5.535E+09
1.110E+07	 68.682 	0.000 	24.258	5.535E+09
1.175E+07	 87.212 	0.000 	24.258	5.535E+09
1.388E+07	 105.843 	0.000 	24.258	5.535E+09
1.560E+07	 125.700 	0.000 	24.258	5.535E+09
1.493E+07	 145.019 	0.000 	24.258	5.535E+09
1.713E+07	 163.971 	0.000 	24.258	5.535E+09
1.752E+07	 183.795 	0.000 	24.258	5.535E+09
1.509E+07	 202.705 	0.000 	24.258	5.535E+09
1.764E+07	 221.614 	0.000 	24.258	5.535E+09
1.735E+07	 241.437 	0.000 	24.258	5.535E+09
1.776E+07	 261.251 	0.000 	24.258	5.535E+09
1.784E+07	 279.133 	0.000 	24.258	5.535E+09
1.397E+07	 299.312 	0.000 	24.258	5.535E+09
1.162E+07	 318.137 	0.000 	24.258	5.535E+09
1.066E+07	 336.625 	0.000 	24.258	5.535E+09
6.993E+06	 356.417 	0.000 	24.258	5.535E+09
2.539E+06	 379.259 	0.000 	24.258	5.535E+09
3           1
115         0           16         
192         0           16
268         0           16
SPRING
0         
5e+05       5e+06       0           0           0           1e+10
RUDDER-PID
0
180.  -10.0    7.0   3.0    3.0    -0.0   -3.0     
SECOND-ORDER-FORCE
1           0           0           
0           0  