5 3
20 10
2
2
 5.475e+002 -1.000e+002  8.000e+000
 5.475e+002 -1.000e+002 -4.200e+001
2
 5.475e+002  1.000e+002  8.000e+000
 5.475e+002  1.000e+002 -4.200e+001
40 10
2
2
 5.475e+002  1.000e+002  8.000e+000
 5.475e+002  1.000e+002 -4.200e+001
2
-2.525e+002  1.000e+002  8.000e+000
-2.525e+002  1.000e+002 -4.200e+001
20 10
2
2
-2.525e+002  1.000e+002  8.000e+000
-2.525e+002  1.000e+002 -4.200e+001
2
-2.525e+002 -1.000e+002  8.000e+000
-2.525e+002 -1.000e+002 -4.200e+001
40 10
2
2
-2.525e+002 -1.000e+002  8.000e+000
-2.525e+002 -1.000e+002 -4.200e+001
2
 5.475e+002 -1.000e+002  8.000e+000
 5.475e+002 -1.000e+002 -4.200e+001
40 20
2
2
 5.475e+002  1.000e+002 -4.200e+001
 5.475e+002 -1.000e+002 -4.200e+001
2
-2.525e+002  1.000e+002 -4.200e+001
-2.525e+002 -1.000e+002 -4.200e+001
