4 3
20 10
2
2
 5.475e+002  1.000e+002  8.000e+000
 2.900e+002  1.000e+002  8.000e+000
2
 5.475e+002 -1.000e+002  8.000e+000
 2.900e+002 -1.000e+002  8.000e+000
10 20
2
2
 2.900e+002  1.000e+002  8.000e+000
 0.000e+000  1.000e+002  8.000e+000
3
 2.900e+002  0.000e+000  8.000e+000
 1.500e+002  2.000e+001  8.000e+000
 0.000e+000  0.000e+000  8.000e+000
20 30
2
2
 0.000e+000  1.000e+002  8.000e+000
-2.525e+002  1.000e+002  8.000e+000
2
 0.000e+000 -1.000e+002  8.000e+000
-2.525e+002 -1.000e+002  8.000e+000
10 20
2
2
 0.000e+000 -1.000e+002  8.000e+000
 2.900e+002 -1.000e+002  8.000e+000
4
 0.000e+000  0.000e+000  8.000e+000
 0.000e+000  0.000e+000  8.000e+000
 1.500e+002 -2.000e+001  8.000e+000
 2.900e+002  0.000e+000  8.000e+000
