JOB WALAS
"ship1_nodeElement.wet"
"ship1_nodeElement.dry"
"ship1_node.modal"
"ship1_element.modal"
"ship1_element.dudx"
2            0           1           -1           1           0           0           -6          6.0           0.1        
0            0           -0.5          
9       5.323   5.758   0           0           0           
0           0           0           0
0           1025        9.81        
0           2
1           42          
0.1         0.2         0.3         0.4         0.5         0.6         
0.7         0.8         0.9         1           1.1         1.2         
1.3         1.4         1.5         1.6         1.7         1.8         
1.9         2           2.1         2.2         2.3         2.4         
2.5         2.6         2.7         2.8         2.9         3           
3.1         3.2         3.3         3.4         3.5         3.6         
3.7         3.8         3.9         4           4.1         4.2         
1           6           
0           30          60          90         120    180         
200         
0           0           0           
0           1
0.10           0.10           0.03           0.03           0.03           0.10           
0
