NODE    ELEM     MODAL
101      100      6       
MODAL No:        7
NODE(ELEM) No             Z1                                  Z2                                 MID
       1 -2.029e-007  3.467e-007  2.029e-007 -3.467e-007  1.268e+004 -1.268e+004 -1.268e+004  1.268e+004 -1.100e-004
       2  1.268e+004 -1.268e+004 -1.268e+004  1.268e+004  4.955e+004 -4.955e+004 -4.955e+004  4.955e+004 -3.078e-004
       3  4.955e+004 -4.955e+004 -4.955e+004  4.955e+004  1.094e+005 -1.094e+005 -1.094e+005  1.094e+005 -4.644e-004
       4  1.094e+005 -1.094e+005 -1.094e+005  1.094e+005  1.912e+005 -1.912e+005 -1.912e+005  1.912e+005 -5.640e-004
       5  1.912e+005 -1.912e+005 -1.912e+005  1.912e+005  2.936e+005 -2.936e+005 -2.936e+005  2.936e+005 -6.007e-004
       6  2.936e+005 -2.936e+005 -2.936e+005  2.936e+005  4.155e+005 -4.155e+005 -4.155e+005  4.155e+005 -5.811e-004
       7  4.155e+005 -4.155e+005 -4.155e+005  4.155e+005  5.558e+005 -5.558e+005 -5.558e+005  5.558e+005 -5.563e-004
       8  5.558e+005 -5.558e+005 -5.558e+005  5.558e+005  7.132e+005 -7.132e+005 -7.132e+005  7.132e+005 -5.283e-004
       9  7.132e+005 -7.132e+005 -7.132e+005  7.132e+005  8.866e+005 -8.866e+005 -8.866e+005  8.866e+005 -5.012e-004
      10  8.866e+005 -8.866e+005 -8.866e+005  8.866e+005  1.075e+006 -1.075e+006 -1.075e+006  1.075e+006 -4.658e-004
      11  1.075e+006 -1.075e+006 -1.075e+006  1.075e+006  1.277e+006 -1.277e+006 -1.277e+006  1.277e+006 -4.261e-004
      12  1.277e+006 -1.277e+006 -1.277e+006  1.277e+006  1.491e+006 -1.491e+006 -1.491e+006  1.491e+006 -3.746e-004
      13  1.491e+006 -1.491e+006 -1.491e+006  1.491e+006  1.717e+006 -1.717e+006 -1.717e+006  1.717e+006 -2.986e-004
      14  1.717e+006 -1.717e+006 -1.717e+006  1.717e+006  1.953e+006 -1.953e+006 -1.953e+006  1.953e+006 -1.824e-004
      15  1.953e+006 -1.953e+006 -1.953e+006  1.953e+006  2.198e+006 -2.198e+006 -2.198e+006  2.198e+006 -5.675e-005
      16  2.198e+006 -2.198e+006 -2.198e+006  2.198e+006  2.451e+006 -2.451e+006 -2.451e+006  2.451e+006  4.474e-005
      17  2.451e+006 -2.451e+006 -2.451e+006  2.451e+006  2.711e+006 -2.711e+006 -2.711e+006  2.711e+006  1.481e-004
      18  2.711e+006 -2.711e+006 -2.711e+006  2.711e+006  2.977e+006 -2.977e+006 -2.977e+006  2.977e+006  2.565e-004
      19  2.977e+006 -2.977e+006 -2.977e+006  2.977e+006  3.247e+006 -3.247e+006 -3.247e+006  3.247e+006  3.572e-004
      20  3.247e+006 -3.247e+006 -3.247e+006  3.247e+006  3.521e+006 -3.521e+006 -3.521e+006  3.521e+006  4.482e-004
      21  3.521e+006 -3.521e+006 -3.521e+006  3.521e+006  3.797e+006 -3.797e+006 -3.797e+006  3.797e+006  5.187e-004
      22  3.797e+006 -3.797e+006 -3.797e+006  3.797e+006  4.075e+006 -4.075e+006 -4.075e+006  4.075e+006  5.671e-004
      23  4.075e+006 -4.075e+006 -4.075e+006  4.075e+006  4.353e+006 -4.353e+006 -4.353e+006  4.353e+006  5.838e-004
      24  4.353e+006 -4.353e+006 -4.353e+006  4.353e+006  4.631e+006 -4.631e+006 -4.631e+006  4.631e+006  6.002e-004
      25  4.631e+006 -4.631e+006 -4.631e+006  4.631e+006  4.907e+006 -4.907e+006 -4.907e+006  4.907e+006  6.349e-004
      26  4.907e+006 -4.907e+006 -4.907e+006  4.907e+006  5.181e+006 -5.181e+006 -5.181e+006  5.181e+006  6.643e-004
      27  5.181e+006 -5.181e+006 -5.181e+006  5.181e+006  5.451e+006 -5.451e+006 -5.451e+006  5.451e+006  6.856e-004
      28  5.451e+006 -5.451e+006 -5.451e+006  5.451e+006  5.717e+006 -5.717e+006 -5.717e+006  5.717e+006  6.989e-004
      29  5.717e+006 -5.717e+006 -5.717e+006  5.717e+006  5.977e+006 -5.977e+006 -5.977e+006  5.977e+006  7.197e-004
      30  5.977e+006 -5.977e+006 -5.977e+006  5.977e+006  6.232e+006 -6.232e+006 -6.232e+006  6.232e+006  7.765e-004
      31  6.232e+006 -6.232e+006 -6.232e+006  6.232e+006  6.479e+006 -6.479e+006 -6.479e+006  6.479e+006  8.663e-004
      32  6.479e+006 -6.479e+006 -6.479e+006  6.479e+006  6.719e+006 -6.719e+006 -6.719e+006  6.719e+006  9.713e-004
      33  6.719e+006 -6.719e+006 -6.719e+006  6.719e+006  6.951e+006 -6.951e+006 -6.951e+006  6.951e+006  1.093e-003
      34  6.951e+006 -6.951e+006 -6.951e+006  6.951e+006  7.173e+006 -7.173e+006 -7.173e+006  7.173e+006  1.234e-003
      35  7.173e+006 -7.173e+006 -7.173e+006  7.173e+006  7.386e+006 -7.386e+006 -7.386e+006  7.386e+006  1.367e-003
      36  7.386e+006 -7.386e+006 -7.386e+006  7.386e+006  7.587e+006 -7.587e+006 -7.587e+006  7.587e+006  1.490e-003
      37  7.587e+006 -7.587e+006 -7.587e+006  7.587e+006  7.778e+006 -7.778e+006 -7.778e+006  7.778e+006  1.601e-003
      38  7.778e+006 -7.778e+006 -7.778e+006  7.778e+006  7.957e+006 -7.957e+006 -7.957e+006  7.957e+006  1.701e-003
      39  7.957e+006 -7.957e+006 -7.957e+006  7.957e+006  8.124e+006 -8.124e+006 -8.124e+006  8.124e+006  1.805e-003
      40  8.124e+006 -8.124e+006 -8.124e+006  8.124e+006  8.278e+006 -8.278e+006 -8.278e+006  8.278e+006  1.917e-003
      41  8.278e+006 -8.278e+006 -8.278e+006  8.278e+006  8.418e+006 -8.418e+006 -8.418e+006  8.418e+006  2.035e-003
      42  8.418e+006 -8.418e+006 -8.418e+006  8.418e+006  8.545e+006 -8.545e+006 -8.545e+006  8.545e+006  2.134e-003
      43  8.545e+006 -8.545e+006 -8.545e+006  8.545e+006  8.658e+006 -8.658e+006 -8.658e+006  8.658e+006  2.209e-003
      44  8.658e+006 -8.658e+006 -8.658e+006  8.658e+006  8.757e+006 -8.757e+006 -8.757e+006  8.757e+006  2.280e-003
      45  8.757e+006 -8.757e+006 -8.757e+006  8.757e+006  8.841e+006 -8.841e+006 -8.841e+006  8.841e+006  2.336e-003
      46  8.841e+006 -8.841e+006 -8.841e+006  8.841e+006  8.910e+006 -8.910e+006 -8.910e+006  8.910e+006  2.342e-003
      47  8.910e+006 -8.910e+006 -8.910e+006  8.910e+006  8.963e+006 -8.963e+006 -8.963e+006  8.963e+006  2.315e-003
      48  8.963e+006 -8.963e+006 -8.963e+006  8.963e+006  9.002e+006 -9.002e+006 -9.002e+006  9.002e+006  2.271e-003
      49  9.002e+006 -9.002e+006 -9.002e+006  9.002e+006  9.025e+006 -9.025e+006 -9.025e+006  9.025e+006  2.201e-003
      50  9.025e+006 -9.025e+006 -9.025e+006  9.025e+006  9.033e+006 -9.033e+006 -9.033e+006  9.033e+006  2.107e-003
      51  9.033e+006 -9.033e+006 -9.033e+006  9.033e+006  9.025e+006 -9.025e+006 -9.025e+006  9.025e+006  2.003e-003
      52  9.025e+006 -9.025e+006 -9.025e+006  9.025e+006  9.002e+006 -9.002e+006 -9.002e+006  9.002e+006  1.889e-003
      53  9.002e+006 -9.002e+006 -9.002e+006  9.002e+006  8.963e+006 -8.963e+006 -8.963e+006  8.963e+006  1.748e-003
      54  8.963e+006 -8.963e+006 -8.963e+006  8.963e+006  8.910e+006 -8.910e+006 -8.910e+006  8.910e+006  1.579e-003
      55  8.910e+006 -8.910e+006 -8.910e+006  8.910e+006  8.841e+006 -8.841e+006 -8.841e+006  8.841e+006  1.406e-003
      56  8.841e+006 -8.841e+006 -8.841e+006  8.841e+006  8.757e+006 -8.757e+006 -8.757e+006  8.757e+006  1.219e-003
      57  8.757e+006 -8.757e+006 -8.757e+006  8.757e+006  8.658e+006 -8.658e+006 -8.658e+006  8.658e+006  1.010e-003
      58  8.658e+006 -8.658e+006 -8.658e+006  8.658e+006  8.545e+006 -8.545e+006 -8.545e+006  8.545e+006  7.793e-004
      59  8.545e+006 -8.545e+006 -8.545e+006  8.545e+006  8.418e+006 -8.418e+006 -8.418e+006  8.418e+006  5.091e-004
      60  8.418e+006 -8.418e+006 -8.418e+006  8.418e+006  8.278e+006 -8.278e+006 -8.278e+006  8.278e+006  2.065e-004
      61  8.278e+006 -8.278e+006 -8.278e+006  8.278e+006  8.124e+006 -8.124e+006 -8.124e+006  8.124e+006 -1.140e-004
      62  8.124e+006 -8.124e+006 -8.124e+006  8.124e+006  7.957e+006 -7.957e+006 -7.957e+006  7.957e+006 -4.449e-004
      63  7.957e+006 -7.957e+006 -7.957e+006  7.957e+006  7.778e+006 -7.778e+006 -7.778e+006  7.778e+006 -7.842e-004
      64  7.778e+006 -7.778e+006 -7.778e+006  7.778e+006  7.587e+006 -7.587e+006 -7.587e+006  7.587e+006 -1.138e-003
      65  7.587e+006 -7.587e+006 -7.587e+006  7.587e+006  7.385e+006 -7.385e+006 -7.385e+006  7.385e+006 -1.479e-003
      66  7.385e+006 -7.385e+006 -7.385e+006  7.385e+006  7.173e+006 -7.173e+006 -7.173e+006  7.173e+006 -1.789e-003
      67  7.173e+006 -7.173e+006 -7.173e+006  7.173e+006  6.951e+006 -6.951e+006 -6.951e+006  6.951e+006 -2.059e-003
      68  6.951e+006 -6.951e+006 -6.951e+006  6.951e+006  6.719e+006 -6.719e+006 -6.719e+006  6.719e+006 -2.303e-003
      69  6.719e+006 -6.719e+006 -6.719e+006  6.719e+006  6.479e+006 -6.479e+006 -6.479e+006  6.479e+006 -2.512e-003
      70  6.479e+006 -6.479e+006 -6.479e+006  6.479e+006  6.232e+006 -6.232e+006 -6.232e+006  6.232e+006 -2.680e-003
      71  6.232e+006 -6.232e+006 -6.232e+006  6.232e+006  5.977e+006 -5.977e+006 -5.977e+006  5.977e+006 -2.824e-003
      72  5.977e+006 -5.977e+006 -5.977e+006  5.977e+006  5.717e+006 -5.717e+006 -5.717e+006  5.717e+006 -2.936e-003
      73  5.717e+006 -5.717e+006 -5.717e+006  5.717e+006  5.451e+006 -5.451e+006 -5.451e+006  5.451e+006 -3.016e-003
      74  5.451e+006 -5.451e+006 -5.451e+006  5.451e+006  5.181e+006 -5.181e+006 -5.181e+006  5.181e+006 -3.092e-003
      75  5.181e+006 -5.181e+006 -5.181e+006  5.181e+006  4.907e+006 -4.907e+006 -4.907e+006  4.907e+006 -3.179e-003
      76  4.907e+006 -4.907e+006 -4.907e+006  4.907e+006  4.631e+006 -4.631e+006 -4.631e+006  4.631e+006 -3.269e-003
      77  4.631e+006 -4.631e+006 -4.631e+006  4.631e+006  4.353e+006 -4.353e+006 -4.353e+006  4.353e+006 -3.358e-003
      78  4.353e+006 -4.353e+006 -4.353e+006  4.353e+006  4.075e+006 -4.075e+006 -4.075e+006  4.075e+006 -3.445e-003
      79  4.075e+006 -4.075e+006 -4.075e+006  4.075e+006  3.797e+006 -3.797e+006 -3.797e+006  3.797e+006 -3.509e-003
      80  3.797e+006 -3.797e+006 -3.797e+006  3.797e+006  3.521e+006 -3.521e+006 -3.521e+006  3.521e+006 -3.525e-003
      81  3.521e+006 -3.521e+006 -3.521e+006  3.521e+006  3.247e+006 -3.247e+006 -3.247e+006  3.247e+006 -3.499e-003
      82  3.247e+006 -3.247e+006 -3.247e+006  3.247e+006  2.977e+006 -2.977e+006 -2.977e+006  2.977e+006 -3.466e-003
      83  2.977e+006 -2.977e+006 -2.977e+006  2.977e+006  2.711e+006 -2.711e+006 -2.711e+006  2.711e+006 -3.414e-003
      84  2.711e+006 -2.711e+006 -2.711e+006  2.711e+006  2.451e+006 -2.451e+006 -2.451e+006  2.451e+006 -3.367e-003
      85  2.451e+006 -2.451e+006 -2.451e+006  2.451e+006  2.198e+006 -2.198e+006 -2.198e+006  2.198e+006 -3.299e-003
      86  2.198e+006 -2.198e+006 -2.198e+006  2.198e+006  1.953e+006 -1.953e+006 -1.953e+006  1.953e+006 -3.187e-003
      87  1.953e+006 -1.953e+006 -1.953e+006  1.953e+006  1.717e+006 -1.717e+006 -1.717e+006  1.717e+006 -3.023e-003
      88  1.717e+006 -1.717e+006 -1.717e+006  1.717e+006  1.491e+006 -1.491e+006 -1.491e+006  1.491e+006 -2.836e-003
      89  1.491e+006 -1.491e+006 -1.491e+006  1.491e+006  1.277e+006 -1.277e+006 -1.277e+006  1.277e+006 -2.607e-003
      90  1.277e+006 -1.277e+006 -1.277e+006  1.277e+006  1.075e+006 -1.075e+006 -1.075e+006  1.075e+006 -2.346e-003
      91  1.075e+006 -1.075e+006 -1.075e+006  1.075e+006  8.866e+005 -8.866e+005 -8.866e+005  8.866e+005 -2.079e-003
      92  8.866e+005 -8.866e+005 -8.866e+005  8.866e+005  7.132e+005 -7.132e+005 -7.132e+005  7.132e+005 -1.825e-003
      93  7.132e+005 -7.132e+005 -7.132e+005  7.132e+005  5.557e+005 -5.557e+005 -5.557e+005  5.557e+005 -1.600e-003
      94  5.557e+005 -5.557e+005 -5.557e+005  5.557e+005  4.155e+005 -4.155e+005 -4.155e+005  4.155e+005 -1.400e-003
      95  4.155e+005 -4.155e+005 -4.155e+005  4.155e+005  2.936e+005 -2.936e+005 -2.936e+005  2.936e+005 -1.217e-003
      96  2.936e+005 -2.936e+005 -2.936e+005  2.936e+005  1.912e+005 -1.912e+005 -1.912e+005  1.912e+005 -1.020e-003
      97  1.912e+005 -1.912e+005 -1.912e+005  1.912e+005  1.094e+005 -1.094e+005 -1.094e+005  1.094e+005 -7.984e-004
      98  1.094e+005 -1.094e+005 -1.094e+005  1.094e+005  4.955e+004 -4.955e+004 -4.955e+004  4.955e+004 -5.884e-004
      99  4.955e+004 -4.955e+004 -4.955e+004  4.955e+004  1.268e+004 -1.268e+004 -1.268e+004  1.268e+004 -3.711e-004
     100  1.268e+004 -1.268e+004 -1.268e+004  1.268e+004 -1.096e-007 -7.111e-008  1.096e-007  7.111e-008 -1.287e-004
MODAL No:        8
NODE(ELEM) No             Z1                                  Z2                                 MID
       1  3.324e-007  1.206e-007 -3.324e-007 -1.206e-007 -2.530e+004 -2.530e+004  2.530e+004  2.530e+004 -8.901e-005
       2 -2.530e+004 -2.530e+004  2.530e+004  2.530e+004 -9.886e+004 -9.886e+004  9.886e+004  9.886e+004 -2.524e-004
       3 -9.886e+004 -9.886e+004  9.886e+004  9.886e+004 -2.184e+005 -2.184e+005  2.184e+005  2.184e+005 -3.874e-004
       4 -2.184e+005 -2.184e+005  2.184e+005  2.184e+005 -3.814e+005 -3.814e+005  3.814e+005  3.814e+005 -4.868e-004
       5 -3.814e+005 -3.814e+005  3.814e+005  3.814e+005 -5.858e+005 -5.858e+005  5.858e+005  5.858e+005 -5.460e-004
       6 -5.858e+005 -5.858e+005  5.858e+005  5.858e+005 -8.291e+005 -8.291e+005  8.291e+005  8.291e+005 -5.686e-004
       7 -8.291e+005 -8.291e+005  8.291e+005  8.291e+005 -1.109e+006 -1.109e+006  1.109e+006  1.109e+006 -5.881e-004
       8 -1.109e+006 -1.109e+006  1.109e+006  1.109e+006 -1.423e+006 -1.423e+006  1.423e+006  1.423e+006 -6.047e-004
       9 -1.423e+006 -1.423e+006  1.423e+006  1.423e+006 -1.769e+006 -1.769e+006  1.769e+006  1.769e+006 -6.198e-004
      10 -1.769e+006 -1.769e+006  1.769e+006  1.769e+006 -2.145e+006 -2.145e+006  2.145e+006  2.145e+006 -6.256e-004
      11 -2.145e+006 -2.145e+006  2.145e+006  2.145e+006 -2.548e+006 -2.548e+006  2.548e+006  2.548e+006 -6.276e-004
      12 -2.548e+006 -2.548e+006  2.548e+006  2.548e+006 -2.976e+006 -2.976e+006  2.976e+006  2.976e+006 -6.208e-004
      13 -2.976e+006 -2.976e+006  2.976e+006  2.976e+006 -3.426e+006 -3.426e+006  3.426e+006  3.426e+006 -5.955e-004
      14 -3.426e+006 -3.426e+006  3.426e+006  3.426e+006 -3.897e+006 -3.897e+006  3.897e+006  3.897e+006 -5.412e-004
      15 -3.897e+006 -3.897e+006  3.897e+006  3.897e+006 -4.386e+006 -4.386e+006  4.386e+006  4.386e+006 -4.759e-004
      16 -4.386e+006 -4.386e+006  4.386e+006  4.386e+006 -4.891e+006 -4.891e+006  4.891e+006  4.891e+006 -4.225e-004
      17 -4.891e+006 -4.891e+006  4.891e+006  4.891e+006 -5.410e+006 -5.410e+006  5.410e+006  5.410e+006 -3.646e-004
      18 -5.410e+006 -5.410e+006  5.410e+006  5.410e+006 -5.940e+006 -5.940e+006  5.940e+006  5.940e+006 -2.985e-004
      19 -5.940e+006 -5.940e+006  5.940e+006  5.940e+006 -6.479e+006 -6.479e+006  6.479e+006  6.479e+006 -2.351e-004
      20 -6.479e+006 -6.479e+006  6.479e+006  6.479e+006 -7.026e+006 -7.026e+006  7.026e+006  7.026e+006 -1.762e-004
      21 -7.026e+006 -7.026e+006  7.026e+006  7.026e+006 -7.578e+006 -7.578e+006  7.578e+006  7.578e+006 -1.275e-004
      22 -7.578e+006 -7.578e+006  7.578e+006  7.578e+006 -8.132e+006 -8.132e+006  8.132e+006  8.132e+006 -9.005e-005
      23 -8.132e+006 -8.132e+006  8.132e+006  8.132e+006 -8.687e+006 -8.687e+006  8.687e+006  8.687e+006 -6.986e-005
      24 -8.687e+006 -8.687e+006  8.687e+006  8.687e+006 -9.242e+006 -9.242e+006  9.242e+006  9.242e+006 -4.497e-005
      25 -9.242e+006 -9.242e+006  9.242e+006  9.242e+006 -9.793e+006 -9.793e+006  9.793e+006  9.793e+006 -4.828e-006
      26 -9.793e+006 -9.793e+006  9.793e+006  9.793e+006 -1.034e+007 -1.034e+007  1.034e+007  1.034e+007  3.527e-005
      27 -1.034e+007 -1.034e+007  1.034e+007  1.034e+007 -1.088e+007 -1.088e+007  1.088e+007  1.088e+007  7.256e-005
      28 -1.088e+007 -1.088e+007  1.088e+007  1.088e+007 -1.141e+007 -1.141e+007  1.141e+007  1.141e+007  1.096e-004
      29 -1.141e+007 -1.141e+007  1.141e+007  1.141e+007 -1.193e+007 -1.193e+007  1.193e+007  1.193e+007  1.565e-004
      30 -1.193e+007 -1.193e+007  1.193e+007  1.193e+007 -1.244e+007 -1.244e+007  1.244e+007  1.244e+007  2.290e-004
      31 -1.244e+007 -1.244e+007  1.244e+007  1.244e+007 -1.293e+007 -1.293e+007  1.293e+007  1.293e+007  3.266e-004
      32 -1.293e+007 -1.293e+007  1.293e+007  1.293e+007 -1.341e+007 -1.341e+007  1.341e+007  1.341e+007  4.350e-004
      33 -1.341e+007 -1.341e+007  1.341e+007  1.341e+007 -1.387e+007 -1.387e+007  1.387e+007  1.387e+007  5.548e-004
      34 -1.387e+007 -1.387e+007  1.387e+007  1.387e+007 -1.432e+007 -1.432e+007  1.432e+007  1.432e+007  6.858e-004
      35 -1.432e+007 -1.432e+007  1.432e+007  1.432e+007 -1.474e+007 -1.474e+007  1.474e+007  1.474e+007  8.112e-004
      36 -1.474e+007 -1.474e+007  1.474e+007  1.474e+007 -1.514e+007 -1.514e+007  1.514e+007  1.514e+007  9.286e-004
      37 -1.514e+007 -1.514e+007  1.514e+007  1.514e+007 -1.552e+007 -1.552e+007  1.552e+007  1.552e+007  1.034e-003
      38 -1.552e+007 -1.552e+007  1.552e+007  1.552e+007 -1.588e+007 -1.588e+007  1.588e+007  1.588e+007  1.130e-003
      39 -1.588e+007 -1.588e+007  1.588e+007  1.588e+007 -1.621e+007 -1.621e+007  1.621e+007  1.621e+007  1.226e-003
      40 -1.621e+007 -1.621e+007  1.621e+007  1.621e+007 -1.652e+007 -1.652e+007  1.652e+007  1.652e+007  1.326e-003
      41 -1.652e+007 -1.652e+007  1.652e+007  1.652e+007 -1.680e+007 -1.680e+007  1.680e+007  1.680e+007  1.429e-003
      42 -1.680e+007 -1.680e+007  1.680e+007  1.680e+007 -1.705e+007 -1.705e+007  1.705e+007  1.705e+007  1.518e-003
      43 -1.705e+007 -1.705e+007  1.705e+007  1.705e+007 -1.728e+007 -1.728e+007  1.728e+007  1.728e+007  1.588e-003
      44 -1.728e+007 -1.728e+007  1.728e+007  1.728e+007 -1.748e+007 -1.748e+007  1.748e+007  1.748e+007  1.655e-003
      45 -1.748e+007 -1.748e+007  1.748e+007  1.748e+007 -1.764e+007 -1.764e+007  1.764e+007  1.764e+007  1.713e-003
      46 -1.764e+007 -1.764e+007  1.764e+007  1.764e+007 -1.778e+007 -1.778e+007  1.778e+007  1.778e+007  1.739e-003
      47 -1.778e+007 -1.778e+007  1.778e+007  1.778e+007 -1.789e+007 -1.789e+007  1.789e+007  1.789e+007  1.742e-003
      48 -1.789e+007 -1.789e+007  1.789e+007  1.789e+007 -1.797e+007 -1.797e+007  1.797e+007  1.797e+007  1.732e-003
      49 -1.797e+007 -1.797e+007  1.797e+007  1.797e+007 -1.801e+007 -1.801e+007  1.801e+007  1.801e+007  1.703e-003
      50 -1.801e+007 -1.801e+007  1.801e+007  1.801e+007 -1.803e+007 -1.803e+007  1.803e+007  1.803e+007  1.655e-003
      51 -1.803e+007 -1.803e+007  1.803e+007  1.803e+007 -1.801e+007 -1.801e+007  1.801e+007  1.801e+007  1.596e-003
      52 -1.801e+007 -1.801e+007  1.801e+007  1.801e+007 -1.797e+007 -1.797e+007  1.797e+007  1.797e+007  1.526e-003
      53 -1.797e+007 -1.797e+007  1.797e+007  1.797e+007 -1.789e+007 -1.789e+007  1.789e+007  1.789e+007  1.438e-003
      54 -1.789e+007 -1.789e+007  1.789e+007  1.789e+007 -1.778e+007 -1.778e+007  1.778e+007  1.778e+007  1.331e-003
      55 -1.778e+007 -1.778e+007  1.778e+007  1.778e+007 -1.764e+007 -1.764e+007  1.764e+007  1.764e+007  1.222e-003
      56 -1.764e+007 -1.764e+007  1.764e+007  1.764e+007 -1.748e+007 -1.748e+007  1.748e+007  1.748e+007  1.102e-003
      57 -1.748e+007 -1.748e+007  1.748e+007  1.748e+007 -1.728e+007 -1.728e+007  1.728e+007  1.728e+007  9.685e-004
      58 -1.728e+007 -1.728e+007  1.728e+007  1.728e+007 -1.705e+007 -1.705e+007  1.705e+007  1.705e+007  8.169e-004
      59 -1.705e+007 -1.705e+007  1.705e+007  1.705e+007 -1.680e+007 -1.680e+007  1.680e+007  1.680e+007  6.368e-004
      60 -1.680e+007 -1.680e+007  1.680e+007  1.680e+007 -1.652e+007 -1.652e+007  1.652e+007  1.652e+007  4.321e-004
      61 -1.652e+007 -1.652e+007  1.652e+007  1.652e+007 -1.621e+007 -1.621e+007  1.621e+007  1.621e+007  2.120e-004
      62 -1.621e+007 -1.621e+007  1.621e+007  1.621e+007 -1.588e+007 -1.588e+007  1.588e+007  1.588e+007 -1.929e-005
      63 -1.588e+007 -1.588e+007  1.588e+007  1.588e+007 -1.552e+007 -1.552e+007  1.552e+007  1.552e+007 -2.585e-004
      64 -1.552e+007 -1.552e+007  1.552e+007  1.552e+007 -1.514e+007 -1.514e+007  1.514e+007  1.514e+007 -5.091e-004
      65 -1.514e+007 -1.514e+007  1.514e+007  1.514e+007 -1.474e+007 -1.474e+007  1.474e+007  1.474e+007 -7.526e-004
      66 -1.474e+007 -1.474e+007  1.474e+007  1.474e+007 -1.432e+007 -1.432e+007  1.432e+007  1.432e+007 -9.781e-004
      67 -1.432e+007 -1.432e+007  1.432e+007  1.432e+007 -1.387e+007 -1.387e+007  1.387e+007  1.387e+007 -1.177e-003
      68 -1.387e+007 -1.387e+007  1.387e+007  1.387e+007 -1.341e+007 -1.341e+007  1.341e+007  1.341e+007 -1.361e-003
      69 -1.341e+007 -1.341e+007  1.341e+007  1.341e+007 -1.293e+007 -1.293e+007  1.293e+007  1.293e+007 -1.521e-003
      70 -1.293e+007 -1.293e+007  1.293e+007  1.293e+007 -1.244e+007 -1.244e+007  1.244e+007  1.244e+007 -1.655e-003
      71 -1.244e+007 -1.244e+007  1.244e+007  1.244e+007 -1.193e+007 -1.193e+007  1.193e+007  1.193e+007 -1.771e-003
      72 -1.193e+007 -1.193e+007  1.193e+007  1.193e+007 -1.141e+007 -1.141e+007  1.141e+007  1.141e+007 -1.867e-003
      73 -1.141e+007 -1.141e+007  1.141e+007  1.141e+007 -1.088e+007 -1.088e+007  1.088e+007  1.088e+007 -1.941e-003
      74 -1.088e+007 -1.088e+007  1.088e+007  1.088e+007 -1.034e+007 -1.034e+007  1.034e+007  1.034e+007 -2.010e-003
      75 -1.034e+007 -1.034e+007  1.034e+007  1.034e+007 -9.793e+006 -9.793e+006  9.793e+006  9.793e+006 -2.087e-003
      76 -9.793e+006 -9.793e+006  9.793e+006  9.793e+006 -9.242e+006 -9.242e+006  9.242e+006  9.242e+006 -2.164e-003
      77 -9.242e+006 -9.242e+006  9.242e+006  9.242e+006 -8.687e+006 -8.687e+006  8.687e+006  8.687e+006 -2.239e-003
      78 -8.687e+006 -8.687e+006  8.687e+006  8.687e+006 -8.132e+006 -8.132e+006  8.132e+006  8.132e+006 -2.311e-003
      79 -8.132e+006 -8.132e+006  8.132e+006  8.132e+006 -7.578e+006 -7.578e+006  7.578e+006  7.578e+006 -2.369e-003
      80 -7.578e+006 -7.578e+006  7.578e+006  7.578e+006 -7.026e+006 -7.026e+006  7.026e+006  7.026e+006 -2.396e-003
      81 -7.026e+006 -7.026e+006  7.026e+006  7.026e+006 -6.479e+006 -6.479e+006  6.479e+006  6.479e+006 -2.397e-003
      82 -6.479e+006 -6.479e+006  6.479e+006  6.479e+006 -5.940e+006 -5.940e+006  5.940e+006  5.940e+006 -2.393e-003
      83 -5.940e+006 -5.940e+006  5.940e+006  5.940e+006 -5.410e+006 -5.410e+006  5.410e+006  5.410e+006 -2.377e-003
      84 -5.410e+006 -5.410e+006  5.410e+006  5.410e+006 -4.891e+006 -4.891e+006  4.891e+006  4.891e+006 -2.362e-003
      85 -4.891e+006 -4.891e+006  4.891e+006  4.891e+006 -4.386e+006 -4.386e+006  4.386e+006  4.386e+006 -2.332e-003
      86 -4.386e+006 -4.386e+006  4.386e+006  4.386e+006 -3.897e+006 -3.897e+006  3.897e+006  3.897e+006 -2.270e-003
      87 -3.897e+006 -3.897e+006  3.897e+006  3.897e+006 -3.426e+006 -3.426e+006  3.426e+006  3.426e+006 -2.168e-003
      88 -3.426e+006 -3.426e+006  3.426e+006  3.426e+006 -2.976e+006 -2.976e+006  2.976e+006  2.976e+006 -2.045e-003
      89 -2.976e+006 -2.976e+006  2.976e+006  2.976e+006 -2.548e+006 -2.548e+006  2.548e+006  2.548e+006 -1.892e-003
      90 -2.548e+006 -2.548e+006  2.548e+006  2.548e+006 -2.145e+006 -2.145e+006  2.145e+006  2.145e+006 -1.715e-003
      91 -2.145e+006 -2.145e+006  2.145e+006  2.145e+006 -1.769e+006 -1.769e+006  1.769e+006  1.769e+006 -1.533e-003
      92 -1.769e+006 -1.769e+006  1.769e+006  1.769e+006 -1.423e+006 -1.423e+006  1.423e+006  1.423e+006 -1.357e-003
      93 -1.423e+006 -1.423e+006  1.423e+006  1.423e+006 -1.109e+006 -1.109e+006  1.109e+006  1.109e+006 -1.197e-003
      94 -1.109e+006 -1.109e+006  1.109e+006  1.109e+006 -8.290e+005 -8.290e+005  8.290e+005  8.290e+005 -1.048e-003
      95 -8.290e+005 -8.290e+005  8.290e+005  8.290e+005 -5.858e+005 -5.858e+005  5.858e+005  5.858e+005 -9.099e-004
      96 -5.858e+005 -5.858e+005  5.858e+005  5.858e+005 -3.814e+005 -3.814e+005  3.814e+005  3.814e+005 -7.612e-004
      97 -3.814e+005 -3.814e+005  3.814e+005  3.814e+005 -2.183e+005 -2.183e+005  2.183e+005  2.183e+005 -5.950e-004
      98 -2.183e+005 -2.183e+005  2.183e+005  2.183e+005 -9.885e+004 -9.885e+004  9.885e+004  9.885e+004 -4.351e-004
      99 -9.885e+004 -9.885e+004  9.885e+004  9.885e+004 -2.529e+004 -2.529e+004  2.529e+004  2.529e+004 -2.713e-004
     100 -2.529e+004 -2.529e+004  2.529e+004  2.529e+004 -2.002e-007 -1.794e-007  2.002e-007  1.794e-007 -9.332e-005
MODAL No:        9
NODE(ELEM) No             Z1                                  Z2                                 MID
       1  1.809e-007 -1.855e-007 -1.809e-007  1.855e-007  9.286e+004 -9.286e+004 -9.286e+004  9.286e+004  2.918e-006
       2  9.286e+004 -9.286e+004 -9.286e+004  9.286e+004  3.571e+005 -3.571e+005 -3.571e+005  3.571e+005  8.091e-006
       3  3.571e+005 -3.571e+005 -3.571e+005  3.571e+005  7.784e+005 -7.784e+005 -7.784e+005  7.784e+005  1.277e-005
       4  7.784e+005 -7.784e+005 -7.784e+005  7.784e+005  1.342e+006 -1.342e+006 -1.342e+006  1.342e+006  1.688e-005
       5  1.342e+006 -1.342e+006 -1.342e+006  1.342e+006  2.035e+006 -2.035e+006 -2.035e+006  2.035e+006  2.047e-005
       6  2.035e+006 -2.035e+006 -2.035e+006  2.035e+006  2.841e+006 -2.841e+006 -2.841e+006  2.841e+006  2.338e-005
       7  2.841e+006 -2.841e+006 -2.841e+006  2.841e+006  3.746e+006 -3.746e+006 -3.746e+006  3.746e+006  2.613e-005
       8  3.746e+006 -3.746e+006 -3.746e+006  3.746e+006  4.737e+006 -4.737e+006 -4.737e+006  4.737e+006  2.903e-005
       9  4.737e+006 -4.737e+006 -4.737e+006  4.737e+006  5.799e+006 -5.799e+006 -5.799e+006  5.799e+006  3.155e-005
      10  5.799e+006 -5.799e+006 -5.799e+006  5.799e+006  6.918e+006 -6.918e+006 -6.918e+006  6.918e+006  3.358e-005
      11  6.918e+006 -6.918e+006 -6.918e+006  6.918e+006  8.080e+006 -8.080e+006 -8.080e+006  8.080e+006  3.574e-005
      12  8.080e+006 -8.080e+006 -8.080e+006  8.080e+006  9.272e+006 -9.272e+006 -9.272e+006  9.272e+006  3.718e-005
      13  9.272e+006 -9.272e+006 -9.272e+006  9.272e+006  1.048e+007 -1.048e+007 -1.048e+007  1.048e+007  3.852e-005
      14  1.048e+007 -1.048e+007 -1.048e+007  1.048e+007  1.169e+007 -1.169e+007 -1.169e+007  1.169e+007  3.868e-005
      15  1.169e+007 -1.169e+007 -1.169e+007  1.169e+007  1.289e+007 -1.289e+007 -1.289e+007  1.289e+007  3.862e-005
      16  1.289e+007 -1.289e+007 -1.289e+007  1.289e+007  1.407e+007 -1.407e+007 -1.407e+007  1.407e+007  3.846e-005
      17  1.407e+007 -1.407e+007 -1.407e+007  1.407e+007  1.522e+007 -1.522e+007 -1.522e+007  1.522e+007  3.792e-005
      18  1.522e+007 -1.522e+007 -1.522e+007  1.522e+007  1.632e+007 -1.632e+007 -1.632e+007  1.632e+007  3.733e-005
      19  1.632e+007 -1.632e+007 -1.632e+007  1.632e+007  1.737e+007 -1.737e+007 -1.737e+007  1.737e+007  3.589e-005
      20  1.737e+007 -1.737e+007 -1.737e+007  1.737e+007  1.836e+007 -1.836e+007 -1.836e+007  1.836e+007  3.497e-005
      21  1.836e+007 -1.836e+007 -1.836e+007  1.836e+007  1.926e+007 -1.926e+007 -1.926e+007  1.926e+007  3.352e-005
      22  1.926e+007 -1.926e+007 -1.926e+007  1.926e+007  2.009e+007 -2.009e+007 -2.009e+007  2.009e+007  3.239e-005
      23  2.009e+007 -2.009e+007 -2.009e+007  2.009e+007  2.083e+007 -2.083e+007 -2.083e+007  2.083e+007  3.097e-005
      24  2.083e+007 -2.083e+007 -2.083e+007  2.083e+007  2.146e+007 -2.146e+007 -2.146e+007  2.146e+007  2.968e-005
      25  2.146e+007 -2.146e+007 -2.146e+007  2.146e+007  2.200e+007 -2.200e+007 -2.200e+007  2.200e+007  2.739e-005
      26  2.200e+007 -2.200e+007 -2.200e+007  2.200e+007  2.242e+007 -2.242e+007 -2.242e+007  2.242e+007  2.506e-005
      27  2.242e+007 -2.242e+007 -2.242e+007  2.242e+007  2.273e+007 -2.273e+007 -2.273e+007  2.273e+007  2.267e-005
      28  2.273e+007 -2.273e+007 -2.273e+007  2.273e+007  2.292e+007 -2.292e+007 -2.292e+007  2.292e+007  1.996e-005
      29  2.292e+007 -2.292e+007 -2.292e+007  2.292e+007  2.299e+007 -2.299e+007 -2.299e+007  2.299e+007  1.687e-005
      30  2.299e+007 -2.299e+007 -2.299e+007  2.299e+007  2.294e+007 -2.294e+007 -2.294e+007  2.294e+007  1.285e-005
      31  2.294e+007 -2.294e+007 -2.294e+007  2.294e+007  2.276e+007 -2.276e+007 -2.276e+007  2.276e+007  8.360e-006
      32  2.276e+007 -2.276e+007 -2.276e+007  2.276e+007  2.246e+007 -2.246e+007 -2.246e+007  2.246e+007  3.608e-006
      33  2.246e+007 -2.246e+007 -2.246e+007  2.246e+007  2.203e+007 -2.203e+007 -2.203e+007  2.203e+007 -1.511e-006
      34  2.203e+007 -2.203e+007 -2.203e+007  2.203e+007  2.148e+007 -2.148e+007 -2.148e+007  2.148e+007 -6.875e-006
      35  2.148e+007 -2.148e+007 -2.148e+007  2.148e+007  2.081e+007 -2.081e+007 -2.081e+007  2.081e+007 -1.204e-005
      36  2.081e+007 -2.081e+007 -2.081e+007  2.081e+007  2.002e+007 -2.002e+007 -2.002e+007  2.002e+007 -1.700e-005
      37  2.002e+007 -2.002e+007 -2.002e+007  2.002e+007  1.912e+007 -1.912e+007 -1.912e+007  1.912e+007 -2.139e-005
      38  1.912e+007 -1.912e+007 -1.912e+007  1.912e+007  1.811e+007 -1.811e+007 -1.811e+007  1.811e+007 -2.526e-005
      39  1.811e+007 -1.811e+007 -1.811e+007  1.811e+007  1.699e+007 -1.699e+007 -1.699e+007  1.699e+007 -2.886e-005
      40  1.699e+007 -1.699e+007 -1.699e+007  1.699e+007  1.578e+007 -1.578e+007 -1.578e+007  1.578e+007 -3.230e-005
      41  1.578e+007 -1.578e+007 -1.578e+007  1.578e+007  1.447e+007 -1.447e+007 -1.447e+007  1.447e+007 -3.570e-005
      42  1.447e+007 -1.447e+007 -1.447e+007  1.447e+007  1.309e+007 -1.309e+007 -1.309e+007  1.309e+007 -3.875e-005
      43  1.309e+007 -1.309e+007 -1.309e+007  1.309e+007  1.162e+007 -1.162e+007 -1.162e+007  1.162e+007 -4.116e-005
      44  1.162e+007 -1.162e+007 -1.162e+007  1.162e+007  1.009e+007 -1.009e+007 -1.009e+007  1.009e+007 -4.341e-005
      45  1.009e+007 -1.009e+007 -1.009e+007  1.009e+007  8.501e+006 -8.501e+006 -8.501e+006  8.501e+006 -4.551e-005
      46  8.501e+006 -8.501e+006 -8.501e+006  8.501e+006  6.861e+006 -6.861e+006 -6.861e+006  6.861e+006 -4.669e-005
      47  6.861e+006 -6.861e+006 -6.861e+006  6.861e+006  5.181e+006 -5.181e+006 -5.181e+006  5.181e+006 -4.773e-005
      48  5.181e+006 -5.181e+006 -5.181e+006  5.181e+006  3.471e+006 -3.471e+006 -3.471e+006  3.471e+006 -4.806e-005
      49  3.471e+006 -3.471e+006 -3.471e+006  3.471e+006  1.741e+006 -1.741e+006 -1.741e+006  1.741e+006 -4.806e-005
      50  1.741e+006 -1.741e+006 -1.741e+006  1.741e+006 -2.087e+001  2.087e+001  2.087e+001 -2.087e+001 -4.728e-005
      51 -2.087e+001  2.087e+001  2.087e+001 -2.087e+001 -1.741e+006  1.741e+006  1.741e+006 -1.741e+006 -4.617e-005
      52 -1.741e+006  1.741e+006  1.741e+006 -1.741e+006 -3.471e+006  3.471e+006  3.471e+006 -3.471e+006 -4.486e-005
      53 -3.471e+006  3.471e+006  3.471e+006 -3.471e+006 -5.181e+006  5.181e+006  5.181e+006 -5.181e+006 -4.296e-005
      54 -5.181e+006  5.181e+006  5.181e+006 -5.181e+006 -6.861e+006  6.861e+006  6.861e+006 -6.861e+006 -4.116e-005
      55 -6.861e+006  6.861e+006  6.861e+006 -6.861e+006 -8.501e+006  8.501e+006  8.501e+006 -8.501e+006 -3.943e-005
      56 -8.501e+006  8.501e+006  8.501e+006 -8.501e+006 -1.009e+007  1.009e+007  1.009e+007 -1.009e+007 -3.752e-005
      57 -1.009e+007  1.009e+007  1.009e+007 -1.009e+007 -1.162e+007  1.162e+007  1.162e+007 -1.162e+007 -3.534e-005
      58 -1.162e+007  1.162e+007  1.162e+007 -1.162e+007 -1.309e+007  1.309e+007  1.309e+007 -1.309e+007 -3.278e-005
      59 -1.309e+007  1.309e+007  1.309e+007 -1.309e+007 -1.447e+007  1.447e+007  1.447e+007 -1.447e+007 -2.973e-005
      60 -1.447e+007  1.447e+007  1.447e+007 -1.447e+007 -1.578e+007  1.578e+007  1.578e+007 -1.578e+007 -2.590e-005
      61 -1.578e+007  1.578e+007  1.578e+007 -1.578e+007 -1.699e+007  1.699e+007  1.699e+007 -1.699e+007 -2.124e-005
      62 -1.699e+007  1.699e+007  1.699e+007 -1.699e+007 -1.811e+007  1.811e+007  1.811e+007 -1.811e+007 -1.620e-005
      63 -1.811e+007  1.811e+007  1.811e+007 -1.811e+007 -1.912e+007  1.912e+007  1.912e+007 -1.912e+007 -1.090e-005
      64 -1.912e+007  1.912e+007  1.912e+007 -1.912e+007 -2.002e+007  2.002e+007  2.002e+007 -2.002e+007 -5.193e-006
      65 -2.002e+007  2.002e+007  2.002e+007 -2.002e+007 -2.081e+007  2.081e+007  2.081e+007 -2.081e+007  4.439e-007
      66 -2.081e+007  2.081e+007  2.081e+007 -2.081e+007 -2.148e+007  2.148e+007  2.148e+007 -2.148e+007  5.958e-006
      67 -2.148e+007  2.148e+007  2.148e+007 -2.148e+007 -2.203e+007  2.203e+007  2.203e+007 -2.203e+007  1.113e-005
      68 -2.203e+007  2.203e+007  2.203e+007 -2.203e+007 -2.246e+007  2.246e+007  2.246e+007 -2.246e+007  1.586e-005
      69 -2.246e+007  2.246e+007  2.246e+007 -2.246e+007 -2.276e+007  2.276e+007  2.276e+007 -2.276e+007  2.025e-005
      70 -2.276e+007  2.276e+007  2.276e+007 -2.276e+007 -2.294e+007  2.294e+007  2.294e+007 -2.294e+007  2.421e-005
      71 -2.294e+007  2.294e+007  2.294e+007 -2.294e+007 -2.299e+007  2.299e+007  2.299e+007 -2.299e+007  2.778e-005
      72 -2.299e+007  2.299e+007  2.299e+007 -2.299e+007 -2.292e+007  2.292e+007  2.292e+007 -2.292e+007  3.103e-005
      73 -2.292e+007  2.292e+007  2.292e+007 -2.292e+007 -2.273e+007  2.273e+007  2.273e+007 -2.273e+007  3.359e-005
      74 -2.273e+007  2.273e+007  2.273e+007 -2.273e+007 -2.242e+007  2.242e+007  2.242e+007 -2.242e+007  3.642e-005
      75 -2.242e+007  2.242e+007  2.242e+007 -2.242e+007 -2.200e+007  2.200e+007  2.200e+007 -2.200e+007  3.919e-005
      76 -2.200e+007  2.200e+007  2.200e+007 -2.200e+007 -2.146e+007  2.146e+007  2.146e+007 -2.146e+007  4.209e-005
      77 -2.146e+007  2.146e+007  2.146e+007 -2.146e+007 -2.083e+007  2.083e+007  2.083e+007 -2.083e+007  4.442e-005
      78 -2.083e+007  2.083e+007  2.083e+007 -2.083e+007 -2.009e+007  2.009e+007  2.009e+007 -2.009e+007  4.690e-005
      79 -2.009e+007  2.009e+007  2.009e+007 -2.009e+007 -1.926e+007  1.926e+007  1.926e+007 -1.926e+007  4.889e-005
      80 -1.926e+007  1.926e+007  1.926e+007 -1.926e+007 -1.836e+007  1.836e+007  1.836e+007 -1.836e+007  5.057e-005
      81 -1.836e+007  1.836e+007  1.836e+007 -1.836e+007 -1.737e+007  1.737e+007  1.737e+007 -1.737e+007  5.153e-005
      82 -1.737e+007  1.737e+007  1.737e+007 -1.737e+007 -1.632e+007  1.632e+007  1.632e+007 -1.632e+007  5.257e-005
      83 -1.632e+007  1.632e+007  1.632e+007 -1.632e+007 -1.522e+007  1.522e+007  1.522e+007 -1.522e+007  5.313e-005
      84 -1.522e+007  1.522e+007  1.522e+007 -1.522e+007 -1.407e+007  1.407e+007  1.407e+007 -1.407e+007  5.380e-005
      85 -1.407e+007  1.407e+007  1.407e+007 -1.407e+007 -1.289e+007  1.289e+007  1.289e+007 -1.289e+007  5.438e-005
      86 -1.289e+007  1.289e+007  1.289e+007 -1.289e+007 -1.169e+007  1.169e+007  1.169e+007 -1.169e+007  5.379e-005
      87 -1.169e+007  1.169e+007  1.169e+007 -1.169e+007 -1.048e+007  1.048e+007  1.048e+007 -1.048e+007  5.214e-005
      88 -1.048e+007  1.048e+007  1.048e+007 -1.048e+007 -9.272e+006  9.272e+006  9.272e+006 -9.272e+006  4.946e-005
      89 -9.272e+006  9.272e+006  9.272e+006 -9.272e+006 -8.080e+006  8.080e+006  8.080e+006 -8.080e+006  4.646e-005
      90 -8.080e+006  8.080e+006  8.080e+006 -8.080e+006 -6.918e+006  6.918e+006  6.918e+006 -6.918e+006  4.279e-005
      91 -6.918e+006  6.918e+006  6.918e+006 -6.918e+006 -5.799e+006  5.799e+006  5.799e+006 -5.799e+006  3.898e-005
      92 -5.799e+006  5.799e+006  5.799e+006 -5.799e+006 -4.737e+006  4.737e+006  4.737e+006 -4.737e+006  3.525e-005
      93 -4.737e+006  4.737e+006  4.737e+006 -4.737e+006 -3.746e+006  3.746e+006  3.746e+006 -3.746e+006  3.161e-005
      94 -3.746e+006  3.746e+006  3.746e+006 -3.746e+006 -2.841e+006  2.841e+006  2.841e+006 -2.841e+006  2.791e-005
      95 -2.841e+006  2.841e+006  2.841e+006 -2.841e+006 -2.035e+006  2.035e+006  2.035e+006 -2.035e+006  2.411e-005
      96 -2.035e+006  2.035e+006  2.035e+006 -2.035e+006 -1.342e+006  1.342e+006  1.342e+006 -1.342e+006  2.012e-005
      97 -1.342e+006  1.342e+006  1.342e+006 -1.342e+006 -7.784e+005  7.784e+005  7.784e+005 -7.784e+005  1.574e-005
      98 -7.784e+005  7.784e+005  7.784e+005 -7.784e+005 -3.571e+005  3.571e+005  3.571e+005 -3.571e+005  1.137e-005
      99 -3.571e+005  3.571e+005  3.571e+005 -3.571e+005 -9.284e+004  9.284e+004  9.284e+004 -9.284e+004  6.978e-006
     100 -9.284e+004  9.284e+004  9.284e+004 -9.284e+004 -7.016e-008  2.193e-007  7.016e-008 -2.193e-007  2.312e-006
MODAL No:       10
NODE(ELEM) No             Z1                                  Z2                                 MID
       1  3.593e-007  2.070e-007 -3.593e-007 -2.070e-007  1.844e+005  1.844e+005 -1.844e+005 -1.844e+005  5.003e-005
       2  1.844e+005  1.844e+005 -1.844e+005 -1.844e+005  7.094e+005  7.094e+005 -7.094e+005 -7.094e+005  1.481e-004
       3  7.094e+005  7.094e+005 -7.094e+005 -7.094e+005  1.546e+006  1.546e+006 -1.546e+006 -1.546e+006  2.429e-004
       4  1.546e+006  1.546e+006 -1.546e+006 -1.546e+006  2.667e+006  2.667e+006 -2.667e+006 -2.667e+006  3.396e-004
       5  2.667e+006  2.667e+006 -2.667e+006 -2.667e+006  4.042e+006  4.042e+006 -4.042e+006 -4.042e+006  4.375e-004
       6  4.042e+006  4.042e+006 -4.042e+006 -4.042e+006  5.644e+006  5.644e+006 -5.644e+006 -5.644e+006  5.337e-004
       7  5.644e+006  5.644e+006 -5.644e+006 -5.644e+006  7.444e+006  7.444e+006 -7.444e+006 -7.444e+006  6.308e-004
       8  7.444e+006  7.444e+006 -7.444e+006 -7.444e+006  9.414e+006  9.414e+006 -9.414e+006 -9.414e+006  7.267e-004
       9  9.414e+006  9.414e+006 -9.414e+006 -9.414e+006  1.152e+007  1.152e+007 -1.152e+007 -1.152e+007  8.147e-004
      10  1.152e+007  1.152e+007 -1.152e+007 -1.152e+007  1.375e+007  1.375e+007 -1.375e+007 -1.375e+007  8.939e-004
      11  1.375e+007  1.375e+007 -1.375e+007 -1.375e+007  1.606e+007  1.606e+007 -1.606e+007 -1.606e+007  9.696e-004
      12  1.606e+007  1.606e+007 -1.606e+007 -1.606e+007  1.843e+007  1.843e+007 -1.843e+007 -1.843e+007  1.042e-003
      13  1.843e+007  1.843e+007 -1.843e+007 -1.843e+007  2.083e+007  2.083e+007 -2.083e+007 -2.083e+007  1.106e-003
      14  2.083e+007  2.083e+007 -2.083e+007 -2.083e+007  2.324e+007  2.324e+007 -2.324e+007 -2.324e+007  1.159e-003
      15  2.324e+007  2.324e+007 -2.324e+007 -2.324e+007  2.563e+007  2.563e+007 -2.563e+007 -2.563e+007  1.200e-003
      16  2.563e+007  2.563e+007 -2.563e+007 -2.563e+007  2.798e+007  2.798e+007 -2.798e+007 -2.798e+007  1.231e-003
      17  2.798e+007  2.798e+007 -2.798e+007 -2.798e+007  3.026e+007  3.026e+007 -3.026e+007 -3.026e+007  1.252e-003
      18  3.026e+007  3.026e+007 -3.026e+007 -3.026e+007  3.245e+007  3.245e+007 -3.245e+007 -3.245e+007  1.262e-003
      19  3.245e+007  3.245e+007 -3.245e+007 -3.245e+007  3.454e+007  3.454e+007 -3.454e+007 -3.454e+007  1.266e-003
      20  3.454e+007  3.454e+007 -3.454e+007 -3.454e+007  3.649e+007  3.649e+007 -3.649e+007 -3.649e+007  1.264e-003
      21  3.649e+007  3.649e+007 -3.649e+007 -3.649e+007  3.830e+007  3.830e+007 -3.830e+007 -3.830e+007  1.252e-003
      22  3.830e+007  3.830e+007 -3.830e+007 -3.830e+007  3.995e+007  3.995e+007 -3.995e+007 -3.995e+007  1.233e-003
      23  3.995e+007  3.995e+007 -3.995e+007 -3.995e+007  4.141e+007  4.141e+007 -4.141e+007 -4.141e+007  1.206e-003
      24  4.141e+007  4.141e+007 -4.141e+007 -4.141e+007  4.268e+007  4.268e+007 -4.268e+007 -4.268e+007  1.166e-003
      25  4.268e+007  4.268e+007 -4.268e+007 -4.268e+007  4.374e+007  4.374e+007 -4.374e+007 -4.374e+007  1.116e-003
      26  4.374e+007  4.374e+007 -4.374e+007 -4.374e+007  4.459e+007  4.459e+007 -4.459e+007 -4.459e+007  1.058e-003
      27  4.459e+007  4.459e+007 -4.459e+007 -4.459e+007  4.520e+007  4.520e+007 -4.520e+007 -4.520e+007  9.911e-004
      28  4.520e+007  4.520e+007 -4.520e+007 -4.520e+007  4.558e+007  4.558e+007 -4.558e+007 -4.558e+007  9.137e-004
      29  4.558e+007  4.558e+007 -4.558e+007 -4.558e+007  4.572e+007  4.572e+007 -4.572e+007 -4.572e+007  8.216e-004
      30  4.572e+007  4.572e+007 -4.572e+007 -4.572e+007  4.562e+007  4.562e+007 -4.562e+007 -4.562e+007  7.223e-004
      31  4.562e+007  4.562e+007 -4.562e+007 -4.562e+007  4.527e+007  4.527e+007 -4.527e+007 -4.527e+007  6.125e-004
      32  4.527e+007  4.527e+007 -4.527e+007 -4.527e+007  4.466e+007  4.466e+007 -4.466e+007 -4.466e+007  4.987e-004
      33  4.466e+007  4.466e+007 -4.466e+007 -4.466e+007  4.381e+007  4.381e+007 -4.381e+007 -4.381e+007  3.821e-004
      34  4.381e+007  4.381e+007 -4.381e+007 -4.381e+007  4.272e+007  4.272e+007 -4.272e+007 -4.272e+007  2.685e-004
      35  4.272e+007  4.272e+007 -4.272e+007 -4.272e+007  4.139e+007  4.139e+007 -4.139e+007 -4.139e+007  1.549e-004
      36  4.139e+007  4.139e+007 -4.139e+007 -4.139e+007  3.982e+007  3.982e+007 -3.982e+007 -3.982e+007  4.656e-005
      37  3.982e+007  3.982e+007 -3.982e+007 -3.982e+007  3.803e+007  3.803e+007 -3.803e+007 -3.803e+007 -5.134e-005
      38  3.803e+007  3.803e+007 -3.803e+007 -3.803e+007  3.601e+007  3.601e+007 -3.601e+007 -3.601e+007 -1.381e-004
      39  3.601e+007  3.601e+007 -3.601e+007 -3.601e+007  3.380e+007  3.380e+007 -3.380e+007 -3.380e+007 -2.168e-004
      40  3.380e+007  3.380e+007 -3.380e+007 -3.380e+007  3.138e+007  3.138e+007 -3.138e+007 -3.138e+007 -2.895e-004
      41  3.138e+007  3.138e+007 -3.138e+007 -3.138e+007  2.879e+007  2.879e+007 -2.879e+007 -2.879e+007 -3.609e-004
      42  2.879e+007  2.879e+007 -2.879e+007 -2.879e+007  2.603e+007  2.603e+007 -2.603e+007 -2.603e+007 -4.261e-004
      43  2.603e+007  2.603e+007 -2.603e+007 -2.603e+007  2.312e+007  2.312e+007 -2.312e+007 -2.312e+007 -4.833e-004
      44  2.312e+007  2.312e+007 -2.312e+007 -2.312e+007  2.007e+007  2.007e+007 -2.007e+007 -2.007e+007 -5.367e-004
      45  2.007e+007  2.007e+007 -2.007e+007 -2.007e+007  1.691e+007  1.691e+007 -1.691e+007 -1.691e+007 -5.903e-004
      46  1.691e+007  1.691e+007 -1.691e+007 -1.691e+007  1.365e+007  1.365e+007 -1.365e+007 -1.365e+007 -6.419e-004
      47  1.365e+007  1.365e+007 -1.365e+007 -1.365e+007  1.031e+007  1.031e+007 -1.031e+007 -1.031e+007 -6.887e-004
      48  1.031e+007  1.031e+007 -1.031e+007 -1.031e+007  6.904e+006  6.904e+006 -6.904e+006 -6.904e+006 -7.302e-004
      49  6.904e+006  6.904e+006 -6.904e+006 -6.904e+006  3.462e+006  3.462e+006 -3.462e+006 -3.462e+006 -7.645e-004
      50  3.462e+006  3.462e+006 -3.462e+006 -3.462e+006 -4.150e+001 -4.150e+001  4.150e+001  4.150e+001 -7.883e-004
      51 -4.150e+001 -4.150e+001  4.150e+001  4.150e+001 -3.462e+006 -3.462e+006  3.462e+006  3.462e+006 -8.010e-004
      52 -3.462e+006 -3.462e+006  3.462e+006  3.462e+006 -6.904e+006 -6.904e+006  6.904e+006  6.904e+006 -8.063e-004
      53 -6.904e+006 -6.904e+006  6.904e+006  6.904e+006 -1.031e+007 -1.031e+007  1.031e+007  1.031e+007 -8.088e-004
      54 -1.031e+007 -1.031e+007  1.031e+007  1.031e+007 -1.365e+007 -1.365e+007  1.365e+007  1.365e+007 -8.115e-004
      55 -1.365e+007 -1.365e+007  1.365e+007  1.365e+007 -1.691e+007 -1.691e+007  1.691e+007  1.691e+007 -8.161e-004
      56 -1.691e+007 -1.691e+007  1.691e+007  1.691e+007 -2.007e+007 -2.007e+007  2.007e+007  2.007e+007 -8.207e-004
      57 -2.007e+007 -2.007e+007  2.007e+007  2.007e+007 -2.312e+007 -2.312e+007  2.312e+007  2.312e+007 -8.234e-004
      58 -2.312e+007 -2.312e+007  2.312e+007  2.312e+007 -2.603e+007 -2.603e+007  2.603e+007  2.603e+007 -8.194e-004
      59 -2.603e+007 -2.603e+007  2.603e+007  2.603e+007 -2.879e+007 -2.879e+007  2.879e+007  2.879e+007 -8.066e-004
      60 -2.879e+007 -2.879e+007  2.879e+007  2.879e+007 -3.138e+007 -3.138e+007  3.138e+007  3.138e+007 -7.832e-004
      61 -3.138e+007 -3.138e+007  3.138e+007  3.138e+007 -3.380e+007 -3.380e+007  3.380e+007  3.380e+007 -7.467e-004
      62 -3.380e+007 -3.380e+007  3.380e+007  3.380e+007 -3.601e+007 -3.601e+007  3.601e+007  3.601e+007 -6.996e-004
      63 -3.601e+007 -3.601e+007  3.601e+007  3.601e+007 -3.803e+007 -3.803e+007  3.803e+007  3.803e+007 -6.453e-004
      64 -3.803e+007 -3.803e+007  3.803e+007  3.803e+007 -3.982e+007 -3.982e+007  3.982e+007  3.982e+007 -5.865e-004
      65 -3.982e+007 -3.982e+007  3.982e+007  3.982e+007 -4.139e+007 -4.139e+007  4.139e+007  4.139e+007 -5.227e-004
      66 -4.139e+007 -4.139e+007  4.139e+007  4.139e+007 -4.272e+007 -4.272e+007  4.272e+007  4.272e+007 -4.547e-004
      67 -4.272e+007 -4.272e+007  4.272e+007  4.272e+007 -4.381e+007 -4.381e+007  4.381e+007  4.381e+007 -3.870e-004
      68 -4.381e+007 -4.381e+007  4.381e+007  4.381e+007 -4.466e+007 -4.466e+007  4.466e+007  4.466e+007 -3.173e-004
      69 -4.466e+007 -4.466e+007  4.466e+007  4.466e+007 -4.527e+007 -4.527e+007  4.527e+007  4.527e+007 -2.491e-004
      70 -4.527e+007 -4.527e+007  4.527e+007  4.527e+007 -4.562e+007 -4.562e+007  4.562e+007  4.562e+007 -1.840e-004
      71 -4.562e+007 -4.562e+007  4.562e+007  4.562e+007 -4.572e+007 -4.572e+007  4.572e+007  4.572e+007 -1.209e-004
      72 -4.572e+007 -4.572e+007  4.572e+007  4.572e+007 -4.558e+007 -4.558e+007  4.558e+007  4.558e+007 -6.021e-005
      73 -4.558e+007 -4.558e+007  4.558e+007  4.558e+007 -4.520e+007 -4.520e+007  4.520e+007  4.520e+007 -2.680e-006
      74 -4.520e+007 -4.520e+007  4.520e+007  4.520e+007 -4.459e+007 -4.459e+007  4.459e+007  4.459e+007  5.347e-005
      75 -4.459e+007 -4.459e+007  4.459e+007  4.459e+007 -4.374e+007 -4.374e+007  4.374e+007  4.374e+007  1.117e-004
      76 -4.374e+007 -4.374e+007  4.374e+007  4.374e+007 -4.268e+007 -4.268e+007  4.268e+007  4.268e+007  1.646e-004
      77 -4.268e+007 -4.268e+007  4.268e+007  4.268e+007 -4.141e+007 -4.141e+007  4.141e+007  4.141e+007  2.111e-004
      78 -4.141e+007 -4.141e+007  4.141e+007  4.141e+007 -3.995e+007 -3.995e+007  3.995e+007  3.995e+007  2.553e-004
      79 -3.995e+007 -3.995e+007  3.995e+007  3.995e+007 -3.830e+007 -3.830e+007  3.830e+007  3.830e+007  2.992e-004
      80 -3.830e+007 -3.830e+007  3.830e+007  3.830e+007 -3.649e+007 -3.649e+007  3.649e+007  3.649e+007  3.432e-004
      81 -3.649e+007 -3.649e+007  3.649e+007  3.649e+007 -3.454e+007 -3.454e+007  3.454e+007  3.454e+007  3.889e-004
      82 -3.454e+007 -3.454e+007  3.454e+007  3.454e+007 -3.245e+007 -3.245e+007  3.245e+007  3.245e+007  4.321e-004
      83 -3.245e+007 -3.245e+007  3.245e+007  3.245e+007 -3.026e+007 -3.026e+007  3.026e+007  3.026e+007  4.747e-004
      84 -3.026e+007 -3.026e+007  3.026e+007  3.026e+007 -2.798e+007 -2.798e+007  2.798e+007  2.798e+007  5.148e-004
      85 -2.798e+007 -2.798e+007  2.798e+007  2.798e+007 -2.563e+007 -2.563e+007  2.563e+007  2.563e+007  5.504e-004
      86 -2.563e+007 -2.563e+007  2.563e+007  2.563e+007 -2.324e+007 -2.324e+007  2.324e+007  2.324e+007  5.740e-004
      87 -2.324e+007 -2.324e+007  2.324e+007  2.324e+007 -2.083e+007 -2.083e+007  2.083e+007  2.083e+007  5.805e-004
      88 -2.083e+007 -2.083e+007  2.083e+007  2.083e+007 -1.843e+007 -1.843e+007  1.843e+007  1.843e+007  5.717e-004
      89 -1.843e+007 -1.843e+007  1.843e+007  1.843e+007 -1.606e+007 -1.606e+007  1.606e+007  1.606e+007  5.531e-004
      90 -1.606e+007 -1.606e+007  1.606e+007  1.606e+007 -1.375e+007 -1.375e+007  1.375e+007  1.375e+007  5.302e-004
      91 -1.375e+007 -1.375e+007  1.375e+007  1.375e+007 -1.152e+007 -1.152e+007  1.152e+007  1.152e+007  5.026e-004
      92 -1.152e+007 -1.152e+007  1.152e+007  1.152e+007 -9.413e+006 -9.413e+006  9.413e+006  9.413e+006  4.720e-004
      93 -9.413e+006 -9.413e+006  9.413e+006  9.413e+006 -7.444e+006 -7.444e+006  7.444e+006  7.444e+006  4.333e-004
      94 -7.444e+006 -7.444e+006  7.444e+006  7.444e+006 -5.644e+006 -5.644e+006  5.644e+006  5.644e+006  3.839e-004
      95 -5.644e+006 -5.644e+006  5.644e+006  5.644e+006 -4.042e+006 -4.042e+006  4.042e+006  4.042e+006  3.312e-004
      96 -4.042e+006 -4.042e+006  4.042e+006  4.042e+006 -2.667e+006 -2.667e+006  2.667e+006  2.667e+006  2.746e-004
      97 -2.667e+006 -2.667e+006  2.667e+006  2.667e+006 -1.546e+006 -1.546e+006  1.546e+006  1.546e+006  2.134e-004
      98 -1.546e+006 -1.546e+006  1.546e+006  1.546e+006 -7.093e+005 -7.093e+005  7.093e+005  7.093e+005  1.498e-004
      99 -7.093e+005 -7.093e+005  7.093e+005  7.093e+005 -1.844e+005 -1.844e+005  1.844e+005  1.844e+005  8.715e-005
     100 -1.844e+005 -1.844e+005  1.844e+005  1.844e+005  5.166e-007  5.677e-007 -5.166e-007 -5.677e-007  2.775e-005
MODAL No:       11
NODE(ELEM) No             Z1                                  Z2                                 MID
       1  1.736e-007 -1.927e-007 -1.736e-007  1.927e-007  3.377e+005 -3.377e+005 -3.377e+005  3.377e+005  3.313e-005
       2  3.377e+005 -3.377e+005 -3.377e+005  3.377e+005  1.279e+006 -1.279e+006 -1.279e+006  1.279e+006  8.468e-005
       3  1.279e+006 -1.279e+006 -1.279e+006  1.279e+006  2.753e+006 -2.753e+006 -2.753e+006  2.753e+006  1.094e-004
       4  2.753e+006 -2.753e+006 -2.753e+006  2.753e+006  4.686e+006 -4.686e+006 -4.686e+006  4.686e+006  9.702e-005
       5  4.686e+006 -4.686e+006 -4.686e+006  4.686e+006  7.006e+006 -7.006e+006 -7.006e+006  7.006e+006  4.647e-005
       6  7.006e+006 -7.006e+006 -7.006e+006  7.006e+006  9.640e+006 -9.640e+006 -9.640e+006  9.640e+006 -3.332e-005
       7  9.640e+006 -9.640e+006 -9.640e+006  9.640e+006  1.252e+007 -1.252e+007 -1.252e+007  1.252e+007 -1.195e-004
       8  1.252e+007 -1.252e+007 -1.252e+007  1.252e+007  1.557e+007 -1.557e+007 -1.557e+007  1.557e+007 -2.064e-004
       9  1.557e+007 -1.557e+007 -1.557e+007  1.557e+007  1.872e+007 -1.872e+007 -1.872e+007  1.872e+007 -2.841e-004
      10  1.872e+007 -1.872e+007 -1.872e+007  1.872e+007  2.190e+007 -2.190e+007 -2.190e+007  2.190e+007 -3.577e-004
      11  2.190e+007 -2.190e+007 -2.190e+007  2.190e+007  2.506e+007 -2.506e+007 -2.506e+007  2.506e+007 -4.334e-004
      12  2.506e+007 -2.506e+007 -2.506e+007  2.506e+007  2.812e+007 -2.812e+007 -2.812e+007  2.812e+007 -5.113e-004
      13  2.812e+007 -2.812e+007 -2.812e+007  2.812e+007  3.103e+007 -3.103e+007 -3.103e+007  3.103e+007 -5.914e-004
      14  3.103e+007 -3.103e+007 -3.103e+007  3.103e+007  3.374e+007 -3.374e+007 -3.374e+007  3.374e+007 -6.869e-004
      15  3.374e+007 -3.374e+007 -3.374e+007  3.374e+007  3.619e+007 -3.619e+007 -3.619e+007  3.619e+007 -7.790e-004
      16  3.619e+007 -3.619e+007 -3.619e+007  3.619e+007  3.834e+007 -3.834e+007 -3.834e+007  3.834e+007 -8.526e-004
      17  3.834e+007 -3.834e+007 -3.834e+007  3.834e+007  4.015e+007 -4.015e+007 -4.015e+007  4.015e+007 -9.211e-004
      18  4.015e+007 -4.015e+007 -4.015e+007  4.015e+007  4.158e+007 -4.158e+007 -4.158e+007  4.158e+007 -9.877e-004
      19  4.158e+007 -4.158e+007 -4.158e+007  4.158e+007  4.261e+007 -4.261e+007 -4.261e+007  4.261e+007 -1.048e-003
      20  4.261e+007 -4.261e+007 -4.261e+007  4.261e+007  4.321e+007 -4.321e+007 -4.321e+007  4.321e+007 -1.090e-003
      21  4.321e+007 -4.321e+007 -4.321e+007  4.321e+007  4.337e+007 -4.337e+007 -4.337e+007  4.337e+007 -1.109e-003
      22  4.337e+007 -4.337e+007 -4.337e+007  4.337e+007  4.308e+007 -4.308e+007 -4.308e+007  4.308e+007 -1.108e-003
      23  4.308e+007 -4.308e+007 -4.308e+007  4.308e+007  4.232e+007 -4.232e+007 -4.232e+007  4.232e+007 -1.086e-003
      24  4.232e+007 -4.232e+007 -4.232e+007  4.232e+007  4.112e+007 -4.112e+007 -4.112e+007  4.112e+007 -1.055e-003
      25  4.112e+007 -4.112e+007 -4.112e+007  4.112e+007  3.946e+007 -3.946e+007 -3.946e+007  3.946e+007 -1.027e-003
      26  3.946e+007 -3.946e+007 -3.946e+007  3.946e+007  3.738e+007 -3.738e+007 -3.738e+007  3.738e+007 -9.932e-004
      27  3.738e+007 -3.738e+007 -3.738e+007  3.738e+007  3.488e+007 -3.488e+007 -3.488e+007  3.488e+007 -9.521e-004
      28  3.488e+007 -3.488e+007 -3.488e+007  3.488e+007  3.200e+007 -3.200e+007 -3.200e+007  3.200e+007 -9.021e-004
      29  3.200e+007 -3.200e+007 -3.200e+007  3.200e+007  2.877e+007 -2.877e+007 -2.877e+007  2.877e+007 -8.485e-004
      30  2.877e+007 -2.877e+007 -2.877e+007  2.877e+007  2.522e+007 -2.522e+007 -2.522e+007  2.522e+007 -8.124e-004
      31  2.522e+007 -2.522e+007 -2.522e+007  2.522e+007  2.139e+007 -2.139e+007 -2.139e+007  2.139e+007 -7.888e-004
      32  2.139e+007 -2.139e+007 -2.139e+007  2.139e+007  1.732e+007 -1.732e+007 -1.732e+007  1.732e+007 -7.680e-004
      33  1.732e+007 -1.732e+007 -1.732e+007  1.732e+007  1.307e+007 -1.307e+007 -1.307e+007  1.307e+007 -7.483e-004
      34  1.307e+007 -1.307e+007 -1.307e+007  1.307e+007  8.684e+006 -8.684e+006 -8.684e+006  8.684e+006 -7.390e-004
      35  8.684e+006 -8.684e+006 -8.684e+006  8.684e+006  4.210e+006 -4.210e+006 -4.210e+006  4.210e+006 -7.257e-004
      36  4.210e+006 -4.210e+006 -4.210e+006  4.210e+006 -2.978e+005  2.978e+005  2.978e+005 -2.978e+005 -7.065e-004
      37 -2.978e+005  2.978e+005  2.978e+005 -2.978e+005 -4.786e+006  4.786e+006  4.786e+006 -4.786e+006 -6.939e-004
      38 -4.786e+006  4.786e+006  4.786e+006 -4.786e+006 -9.200e+006  9.200e+006  9.200e+006 -9.200e+006 -6.919e-004
      39 -9.200e+006  9.200e+006  9.200e+006 -9.200e+006 -1.349e+007  1.349e+007  1.349e+007 -1.349e+007 -7.057e-004
      40 -1.349e+007  1.349e+007  1.349e+007 -1.349e+007 -1.760e+007  1.760e+007  1.760e+007 -1.760e+007 -7.373e-004
      41 -1.760e+007  1.760e+007  1.760e+007 -1.760e+007 -2.149e+007  2.149e+007  2.149e+007 -2.149e+007 -7.736e-004
      42 -2.149e+007  2.149e+007  2.149e+007 -2.149e+007 -2.510e+007  2.510e+007  2.510e+007 -2.510e+007 -8.043e-004
      43 -2.510e+007  2.510e+007  2.510e+007 -2.510e+007 -2.840e+007  2.840e+007  2.840e+007 -2.840e+007 -8.304e-004
      44 -2.840e+007  2.840e+007  2.840e+007 -2.840e+007 -3.135e+007  3.135e+007  3.135e+007 -3.135e+007 -8.625e-004
      45 -3.135e+007  3.135e+007  3.135e+007 -3.135e+007 -3.390e+007  3.390e+007  3.390e+007 -3.390e+007 -8.885e-004
      46 -3.390e+007  3.390e+007  3.390e+007 -3.390e+007 -3.603e+007  3.603e+007  3.603e+007 -3.603e+007 -8.895e-004
      47 -3.603e+007  3.603e+007  3.603e+007 -3.603e+007 -3.772e+007  3.772e+007  3.772e+007 -3.772e+007 -8.816e-004
      48 -3.772e+007  3.772e+007  3.772e+007 -3.772e+007 -3.894e+007  3.894e+007  3.894e+007 -3.894e+007 -8.726e-004
      49 -3.894e+007  3.894e+007  3.894e+007 -3.894e+007 -3.967e+007  3.967e+007  3.967e+007 -3.967e+007 -8.506e-004
      50 -3.967e+007  3.967e+007  3.967e+007 -3.967e+007 -3.992e+007  3.992e+007  3.992e+007 -3.992e+007 -8.197e-004
      51 -3.992e+007  3.992e+007  3.992e+007 -3.992e+007 -3.967e+007  3.967e+007  3.967e+007 -3.967e+007 -7.862e-004
      52 -3.967e+007  3.967e+007  3.967e+007 -3.967e+007 -3.894e+007  3.894e+007  3.894e+007 -3.894e+007 -7.409e-004
      53 -3.894e+007  3.894e+007  3.894e+007 -3.894e+007 -3.772e+007  3.772e+007  3.772e+007 -3.772e+007 -6.782e-004
      54 -3.772e+007  3.772e+007  3.772e+007 -3.772e+007 -3.603e+007  3.603e+007  3.603e+007 -3.603e+007 -5.898e-004
      55 -3.603e+007  3.603e+007  3.603e+007 -3.603e+007 -3.390e+007  3.390e+007  3.390e+007 -3.390e+007 -4.872e-004
      56 -3.390e+007  3.390e+007  3.390e+007 -3.390e+007 -3.135e+007  3.135e+007  3.135e+007 -3.135e+007 -3.678e-004
      57 -3.135e+007  3.135e+007  3.135e+007 -3.135e+007 -2.840e+007  2.840e+007  2.840e+007 -2.840e+007 -2.274e-004
      58 -2.840e+007  2.840e+007  2.840e+007 -2.840e+007 -2.510e+007  2.510e+007  2.510e+007 -2.510e+007 -7.126e-005
      59 -2.510e+007  2.510e+007  2.510e+007 -2.510e+007 -2.149e+007  2.149e+007  2.149e+007 -2.149e+007  1.040e-004
      60 -2.149e+007  2.149e+007  2.149e+007 -2.149e+007 -1.760e+007  1.760e+007  1.760e+007 -1.760e+007  2.876e-004
      61 -1.760e+007  1.760e+007  1.760e+007 -1.760e+007 -1.349e+007  1.349e+007  1.349e+007 -1.349e+007  4.643e-004
      62 -1.349e+007  1.349e+007  1.349e+007 -1.349e+007 -9.200e+006  9.200e+006  9.200e+006 -9.200e+006  6.389e-004
      63 -9.200e+006  9.200e+006  9.200e+006 -9.200e+006 -4.786e+006  4.786e+006  4.786e+006 -4.786e+006  8.116e-004
      64 -4.786e+006  4.786e+006  4.786e+006 -4.786e+006 -2.977e+005  2.977e+005  2.977e+005 -2.977e+005  9.896e-004
      65 -2.977e+005  2.977e+005  2.977e+005 -2.977e+005  4.210e+006 -4.210e+006 -4.210e+006  4.210e+006  1.157e-003
      66  4.210e+006 -4.210e+006 -4.210e+006  4.210e+006  8.685e+006 -8.685e+006 -8.685e+006  8.685e+006  1.302e-003
      67  8.685e+006 -8.685e+006 -8.685e+006  8.685e+006  1.307e+007 -1.307e+007 -1.307e+007  1.307e+007  1.421e-003
      68  1.307e+007 -1.307e+007 -1.307e+007  1.307e+007  1.732e+007 -1.732e+007 -1.732e+007  1.732e+007  1.527e-003
      69  1.732e+007 -1.732e+007 -1.732e+007  1.732e+007  2.139e+007 -2.139e+007 -2.139e+007  2.139e+007  1.611e-003
      70  2.139e+007 -2.139e+007 -2.139e+007  2.139e+007  2.522e+007 -2.522e+007 -2.522e+007  2.522e+007  1.670e-003
      71  2.522e+007 -2.522e+007 -2.522e+007  2.522e+007  2.877e+007 -2.877e+007 -2.877e+007  2.877e+007  1.717e-003
      72  2.877e+007 -2.877e+007 -2.877e+007  2.877e+007  3.200e+007 -3.200e+007 -3.200e+007  3.200e+007  1.745e-003
      73  3.200e+007 -3.200e+007 -3.200e+007  3.200e+007  3.488e+007 -3.488e+007 -3.488e+007  3.488e+007  1.752e-003
      74  3.488e+007 -3.488e+007 -3.488e+007  3.488e+007  3.738e+007 -3.738e+007 -3.738e+007  3.738e+007  1.749e-003
      75  3.738e+007 -3.738e+007 -3.738e+007  3.738e+007  3.946e+007 -3.946e+007 -3.946e+007  3.946e+007  1.752e-003
      76  3.946e+007 -3.946e+007 -3.946e+007  3.946e+007  4.112e+007 -4.112e+007 -4.112e+007  4.112e+007  1.759e-003
      77  4.112e+007 -4.112e+007 -4.112e+007  4.112e+007  4.232e+007 -4.232e+007 -4.232e+007  4.232e+007  1.776e-003
      78  4.232e+007 -4.232e+007 -4.232e+007  4.232e+007  4.308e+007 -4.308e+007 -4.308e+007  4.308e+007  1.795e-003
      79  4.308e+007 -4.308e+007 -4.308e+007  4.308e+007  4.337e+007 -4.337e+007 -4.337e+007  4.337e+007  1.802e-003
      80  4.337e+007 -4.337e+007 -4.337e+007  4.337e+007  4.321e+007 -4.321e+007 -4.321e+007  4.321e+007  1.782e-003
      81  4.321e+007 -4.321e+007 -4.321e+007  4.321e+007  4.261e+007 -4.261e+007 -4.261e+007  4.261e+007  1.740e-003
      82  4.261e+007 -4.261e+007 -4.261e+007  4.261e+007  4.158e+007 -4.158e+007 -4.158e+007  4.158e+007  1.698e-003
      83  4.158e+007 -4.158e+007 -4.158e+007  4.158e+007  4.015e+007 -4.015e+007 -4.015e+007  4.015e+007  1.648e-003
      84  4.015e+007 -4.015e+007 -4.015e+007  4.015e+007  3.834e+007 -3.834e+007 -3.834e+007  3.834e+007  1.598e-003
      85  3.834e+007 -3.834e+007 -3.834e+007  3.834e+007  3.619e+007 -3.619e+007 -3.619e+007  3.619e+007  1.534e-003
      86  3.619e+007 -3.619e+007 -3.619e+007  3.619e+007  3.374e+007 -3.374e+007 -3.374e+007  3.374e+007  1.456e-003
      87  3.374e+007 -3.374e+007 -3.374e+007  3.374e+007  3.103e+007 -3.103e+007 -3.103e+007  3.103e+007  1.367e-003
      88  3.103e+007 -3.103e+007 -3.103e+007  3.103e+007  2.812e+007 -2.812e+007 -2.812e+007  2.812e+007  1.275e-003
      89  2.812e+007 -2.812e+007 -2.812e+007  2.812e+007  2.505e+007 -2.505e+007 -2.505e+007  2.505e+007  1.161e-003
      90  2.505e+007 -2.505e+007 -2.505e+007  2.505e+007  2.190e+007 -2.190e+007 -2.190e+007  2.190e+007  1.028e-003
      91  2.190e+007 -2.190e+007 -2.190e+007  2.190e+007  1.872e+007 -1.872e+007 -1.872e+007  1.872e+007  8.896e-004
      92  1.872e+007 -1.872e+007 -1.872e+007  1.872e+007  1.556e+007 -1.556e+007 -1.556e+007  1.556e+007  7.533e-004
      93  1.556e+007 -1.556e+007 -1.556e+007  1.556e+007  1.252e+007 -1.252e+007 -1.252e+007  1.252e+007  6.399e-004
      94  1.252e+007 -1.252e+007 -1.252e+007  1.252e+007  9.640e+006 -9.640e+006 -9.640e+006  9.640e+006  5.520e-004
      95  9.640e+006 -9.640e+006 -9.640e+006  9.640e+006  7.006e+006 -7.006e+006 -7.006e+006  7.006e+006  4.787e-004
      96  7.006e+006 -7.006e+006 -7.006e+006  7.006e+006  4.686e+006 -4.686e+006 -4.686e+006  4.686e+006  4.014e-004
      97  4.686e+006 -4.686e+006 -4.686e+006  4.686e+006  2.753e+006 -2.753e+006 -2.753e+006  2.753e+006  3.144e-004
      98  2.753e+006 -2.753e+006 -2.753e+006  2.753e+006  1.279e+006 -1.279e+006 -1.279e+006  1.279e+006  2.329e-004
      99  1.279e+006 -1.279e+006 -1.279e+006  1.279e+006  3.376e+005 -3.376e+005 -3.376e+005  3.376e+005  1.489e-004
     100  3.376e+005 -3.376e+005 -3.376e+005  3.376e+005 -1.748e-007  1.523e-007  1.748e-007 -1.523e-007  5.281e-005
MODAL No:       12
NODE(ELEM) No             Z1                                  Z2                                 MID
       1  4.448e-007 -1.296e-006 -4.448e-007  1.296e-006  8.590e+005 -8.590e+005 -8.590e+005  8.590e+005  3.202e-001
       2  8.590e+005 -8.590e+005 -8.590e+005  8.590e+005  3.208e+006 -3.208e+006 -3.208e+006  3.208e+006  9.463e-001
       3  3.208e+006 -3.208e+006 -3.208e+006  3.208e+006  6.814e+006 -6.814e+006 -6.814e+006  6.814e+006  1.560e+000
       4  6.814e+006 -6.814e+006 -6.814e+006  6.814e+006  1.144e+007 -1.144e+007 -1.144e+007  1.144e+007  2.185e+000
       5  1.144e+007 -1.144e+007 -1.144e+007  1.144e+007  1.686e+007 -1.686e+007 -1.686e+007  1.686e+007  2.824e+000
       6  1.686e+007 -1.686e+007 -1.686e+007  1.686e+007  2.283e+007 -2.283e+007 -2.283e+007  2.283e+007  3.461e+000
       7  2.283e+007 -2.283e+007 -2.283e+007  2.283e+007  2.912e+007 -2.912e+007 -2.912e+007  2.912e+007  4.108e+000
       8  2.912e+007 -2.912e+007 -2.912e+007  2.912e+007  3.551e+007 -3.551e+007 -3.551e+007  3.551e+007  4.751e+000
       9  3.551e+007 -3.551e+007 -3.551e+007  3.551e+007  4.178e+007 -4.178e+007 -4.178e+007  4.178e+007  5.356e+000
      10  4.178e+007 -4.178e+007 -4.178e+007  4.178e+007  4.775e+007 -4.775e+007 -4.775e+007  4.775e+007  5.912e+000
      11  4.775e+007 -4.775e+007 -4.775e+007  4.775e+007  5.321e+007 -5.321e+007 -5.321e+007  5.321e+007  6.456e+000
      12  5.321e+007 -5.321e+007 -5.321e+007  5.321e+007  5.801e+007 -5.801e+007 -5.801e+007  5.801e+007  6.968e+000
      13  5.801e+007 -5.801e+007 -5.801e+007  5.801e+007  6.199e+007 -6.199e+007 -6.199e+007  6.199e+007  7.423e+000
      14  6.199e+007 -6.199e+007 -6.199e+007  6.199e+007  6.504e+007 -6.504e+007 -6.504e+007  6.504e+007  7.802e+000
      15  6.504e+007 -6.504e+007 -6.504e+007  6.504e+007  6.705e+007 -6.705e+007 -6.705e+007  6.705e+007  8.102e+000
      16  6.705e+007 -6.705e+007 -6.705e+007  6.705e+007  6.795e+007 -6.795e+007 -6.795e+007  6.795e+007  8.327e+000
      17  6.795e+007 -6.795e+007 -6.795e+007  6.795e+007  6.769e+007 -6.769e+007 -6.769e+007  6.769e+007  8.488e+000
      18  6.769e+007 -6.769e+007 -6.769e+007  6.769e+007  6.625e+007 -6.625e+007 -6.625e+007  6.625e+007  8.578e+000
      19  6.625e+007 -6.625e+007 -6.625e+007  6.625e+007  6.363e+007 -6.363e+007 -6.363e+007  6.363e+007  8.635e+000
      20  6.363e+007 -6.363e+007 -6.363e+007  6.363e+007  5.988e+007 -5.988e+007 -5.988e+007  5.988e+007  8.652e+000
      21  5.988e+007 -5.988e+007 -5.988e+007  5.988e+007  5.505e+007 -5.505e+007 -5.505e+007  5.505e+007  8.611e+000
      22  5.505e+007 -5.505e+007 -5.505e+007  5.505e+007  4.921e+007 -4.921e+007 -4.921e+007  4.921e+007  8.519e+000
      23  4.921e+007 -4.921e+007 -4.921e+007  4.921e+007  4.248e+007 -4.248e+007 -4.248e+007  4.248e+007  8.382e+000
      24  4.248e+007 -4.248e+007 -4.248e+007  4.248e+007  3.497e+007 -3.497e+007 -3.497e+007  3.497e+007  8.158e+000
      25  3.497e+007 -3.497e+007 -3.497e+007  3.497e+007  2.684e+007 -2.684e+007 -2.684e+007  2.684e+007  7.862e+000
      26  2.684e+007 -2.684e+007 -2.684e+007  2.684e+007  1.822e+007 -1.822e+007 -1.822e+007  1.822e+007  7.510e+000
      27  1.822e+007 -1.822e+007 -1.822e+007  1.822e+007  9.302e+006 -9.302e+006 -9.302e+006  9.302e+006  7.083e+000
      28  9.302e+006 -9.302e+006 -9.302e+006  9.302e+006  2.413e+005 -2.413e+005 -2.413e+005  2.413e+005  6.573e+000
      29  2.413e+005 -2.413e+005 -2.413e+005  2.413e+005 -8.780e+006  8.780e+006  8.780e+006 -8.780e+006  5.959e+000
      30 -8.780e+006  8.780e+006  8.780e+006 -8.780e+006 -1.759e+007  1.759e+007  1.759e+007 -1.759e+007  5.285e+000
      31 -1.759e+007  1.759e+007  1.759e+007 -1.759e+007 -2.600e+007  2.600e+007  2.600e+007 -2.600e+007  4.533e+000
      32 -2.600e+007  2.600e+007  2.600e+007 -2.600e+007 -3.387e+007  3.387e+007  3.387e+007 -3.387e+007  3.753e+000
      33 -3.387e+007  3.387e+007  3.387e+007 -3.387e+007 -4.102e+007  4.102e+007  4.102e+007 -4.102e+007  2.956e+000
      34 -4.102e+007  4.102e+007  4.102e+007 -4.102e+007 -4.733e+007  4.733e+007  4.733e+007 -4.733e+007  2.182e+000
      35 -4.733e+007  4.733e+007  4.733e+007 -4.733e+007 -5.266e+007  5.266e+007  5.266e+007 -5.266e+007  1.417e+000
      36 -5.266e+007  5.266e+007  5.266e+007 -5.266e+007 -5.691e+007  5.691e+007  5.691e+007 -5.691e+007  6.869e-001
      37 -5.691e+007  5.691e+007  5.691e+007 -5.691e+007 -6.000e+007  6.000e+007  6.000e+007 -6.000e+007  3.516e-002
      38 -6.000e+007  6.000e+007  6.000e+007 -6.000e+007 -6.187e+007  6.187e+007  6.187e+007 -6.187e+007 -5.376e-001
      39 -6.187e+007  6.187e+007  6.187e+007 -6.187e+007 -6.248e+007  6.248e+007  6.248e+007 -6.248e+007 -1.061e+000
      40 -6.248e+007  6.248e+007  6.248e+007 -6.248e+007 -6.181e+007  6.181e+007  6.181e+007 -6.181e+007 -1.546e+000
      41 -6.181e+007  6.181e+007  6.181e+007 -6.181e+007 -5.990e+007  5.990e+007  5.990e+007 -5.990e+007 -2.024e+000
      42 -5.990e+007  5.990e+007  5.990e+007 -5.990e+007 -5.676e+007  5.676e+007  5.676e+007 -5.676e+007 -2.456e+000
      43 -5.676e+007  5.676e+007  5.676e+007 -5.676e+007 -5.248e+007  5.248e+007  5.248e+007 -5.248e+007 -2.829e+000
      44 -5.248e+007  5.248e+007  5.248e+007 -5.248e+007 -4.713e+007  4.713e+007  4.713e+007 -4.713e+007 -3.166e+000
      45 -4.713e+007  4.713e+007  4.713e+007 -4.713e+007 -4.083e+007  4.083e+007  4.083e+007 -4.083e+007 -3.501e+000
      46 -4.083e+007  4.083e+007  4.083e+007 -4.083e+007 -3.371e+007  3.371e+007  3.371e+007 -3.371e+007 -3.823e+000
      47 -3.371e+007  3.371e+007  3.371e+007 -3.371e+007 -2.589e+007  2.589e+007  2.589e+007 -2.589e+007 -4.120e+000
      48 -2.589e+007  2.589e+007  2.589e+007 -2.589e+007 -1.756e+007  1.756e+007  1.756e+007 -1.756e+007 -4.390e+000
      49 -1.756e+007  1.756e+007  1.756e+007 -1.756e+007 -8.870e+006  8.870e+006  8.870e+006 -8.870e+006 -4.615e+000
      50 -8.870e+006  8.870e+006  8.870e+006 -8.870e+006  1.131e+002 -1.117e+002 -1.131e+002  1.117e+002 -4.767e+000
      51  1.131e+002 -1.117e+002 -1.131e+002  1.117e+002  8.870e+006 -8.870e+006 -8.870e+006  8.870e+006 -4.856e+000
      52  8.870e+006 -8.870e+006 -8.870e+006  8.870e+006  1.756e+007 -1.756e+007 -1.756e+007  1.756e+007 -4.907e+000
      53  1.756e+007 -1.756e+007 -1.756e+007  1.756e+007  2.589e+007 -2.589e+007 -2.589e+007  2.589e+007 -4.947e+000
      54  2.589e+007 -2.589e+007 -2.589e+007  2.589e+007  3.371e+007 -3.371e+007 -3.371e+007  3.371e+007 -4.998e+000
      55  3.371e+007 -3.371e+007 -3.371e+007  3.371e+007  4.083e+007 -4.083e+007 -4.083e+007  4.083e+007 -5.058e+000
      56  4.083e+007 -4.083e+007 -4.083e+007  4.083e+007  4.713e+007 -4.713e+007 -4.713e+007  4.713e+007 -5.118e+000
      57  4.713e+007 -4.713e+007 -4.713e+007  4.713e+007  5.248e+007 -5.248e+007 -5.248e+007  5.248e+007 -5.160e+000
      58  5.248e+007 -5.248e+007 -5.248e+007  5.248e+007  5.676e+007 -5.676e+007 -5.676e+007  5.676e+007 -5.158e+000
      59  5.676e+007 -5.676e+007 -5.676e+007  5.676e+007  5.990e+007 -5.990e+007 -5.990e+007  5.990e+007 -5.106e+000
      60  5.990e+007 -5.990e+007 -5.990e+007  5.990e+007  6.181e+007 -6.181e+007 -6.181e+007  6.181e+007 -4.995e+000
      61  6.181e+007 -6.181e+007 -6.181e+007  6.181e+007  6.248e+007 -6.248e+007 -6.248e+007  6.248e+007 -4.805e+000
      62  6.248e+007 -6.248e+007 -6.248e+007  6.248e+007  6.187e+007 -6.187e+007 -6.187e+007  6.187e+007 -4.562e+000
      63  6.187e+007 -6.187e+007 -6.187e+007  6.187e+007  6.000e+007 -6.000e+007 -6.000e+007  6.000e+007 -4.283e+000
      64  6.000e+007 -6.000e+007 -6.000e+007  6.000e+007  5.691e+007 -5.691e+007 -5.691e+007  5.691e+007 -3.972e+000
      65  5.691e+007 -5.691e+007 -5.691e+007  5.691e+007  5.266e+007 -5.266e+007 -5.266e+007  5.266e+007 -3.628e+000
      66  5.266e+007 -5.266e+007 -5.266e+007  5.266e+007  4.733e+007 -4.733e+007 -4.733e+007  4.733e+007 -3.259e+000
      67  4.733e+007 -4.733e+007 -4.733e+007  4.733e+007  4.102e+007 -4.102e+007 -4.102e+007  4.102e+007 -2.892e+000
      68  4.102e+007 -4.102e+007 -4.102e+007  4.102e+007  3.387e+007 -3.387e+007 -3.387e+007  3.387e+007 -2.508e+000
      69  3.387e+007 -3.387e+007 -3.387e+007  3.387e+007  2.600e+007 -2.600e+007 -2.600e+007  2.600e+007 -2.132e+000
      70  2.600e+007 -2.600e+007 -2.600e+007  2.600e+007  1.759e+007 -1.759e+007 -1.759e+007  1.759e+007 -1.772e+000
      71  1.759e+007 -1.759e+007 -1.759e+007  1.759e+007  8.780e+006 -8.780e+006 -8.780e+006  8.780e+006 -1.431e+000
      72  8.780e+006 -8.780e+006 -8.780e+006  8.780e+006 -2.417e+005  2.417e+005  2.417e+005 -2.417e+005 -1.101e+000
      73 -2.417e+005  2.417e+005  2.417e+005 -2.417e+005 -9.302e+006  9.302e+006  9.302e+006 -9.302e+006 -7.871e-001
      74 -9.302e+006  9.302e+006  9.302e+006 -9.302e+006 -1.822e+007  1.822e+007  1.822e+007 -1.822e+007 -4.729e-001
      75 -1.822e+007  1.822e+007  1.822e+007 -1.822e+007 -2.684e+007  2.684e+007  2.684e+007 -2.684e+007 -1.439e-001
      76 -2.684e+007  2.684e+007  2.684e+007 -2.684e+007 -3.497e+007  3.497e+007  3.497e+007 -3.497e+007  1.643e-001
      77 -3.497e+007  3.497e+007  3.497e+007 -3.497e+007 -4.248e+007  4.248e+007  4.248e+007 -4.248e+007  4.323e-001
      78 -4.248e+007  4.248e+007  4.248e+007 -4.248e+007 -4.921e+007  4.921e+007  4.921e+007 -4.921e+007  6.821e-001
      79 -4.921e+007  4.921e+007  4.921e+007 -4.921e+007 -5.505e+007  5.505e+007  5.505e+007 -5.505e+007  9.171e-001
      80 -5.505e+007  5.505e+007  5.505e+007 -5.505e+007 -5.988e+007  5.988e+007  5.988e+007 -5.988e+007  1.158e+000
      81 -5.988e+007  5.988e+007  5.988e+007 -5.988e+007 -6.363e+007  6.363e+007  6.363e+007 -6.363e+007  1.415e+000
      82 -6.363e+007  6.363e+007  6.363e+007 -6.363e+007 -6.625e+007  6.625e+007  6.625e+007 -6.625e+007  1.670e+000
      83 -6.625e+007  6.625e+007  6.625e+007 -6.625e+007 -6.769e+007  6.769e+007  6.769e+007 -6.769e+007  1.922e+000
      84 -6.769e+007  6.769e+007  6.769e+007 -6.769e+007 -6.795e+007  6.795e+007  6.795e+007 -6.795e+007  2.154e+000
      85 -6.795e+007  6.795e+007  6.795e+007 -6.795e+007 -6.705e+007  6.705e+007  6.705e+007 -6.705e+007  2.364e+000
      86 -6.705e+007  6.705e+007  6.705e+007 -6.705e+007 -6.504e+007  6.504e+007  6.504e+007 -6.504e+007  2.513e+000
      87 -6.504e+007  6.504e+007  6.504e+007 -6.504e+007 -6.199e+007  6.199e+007  6.199e+007 -6.199e+007  2.566e+000
      88 -6.199e+007  6.199e+007  6.199e+007 -6.199e+007 -5.801e+007  5.801e+007  5.801e+007 -5.801e+007  2.531e+000
      89 -5.801e+007  5.801e+007  5.801e+007 -5.801e+007 -5.321e+007  5.321e+007  5.321e+007 -5.321e+007  2.453e+000
      90 -5.321e+007  5.321e+007  5.321e+007 -5.321e+007 -4.775e+007  4.775e+007  4.775e+007 -4.775e+007  2.365e+000
      91 -4.775e+007  4.775e+007  4.775e+007 -4.775e+007 -4.178e+007  4.178e+007  4.178e+007 -4.178e+007  2.269e+000
      92 -4.178e+007  4.178e+007  4.178e+007 -4.178e+007 -3.551e+007  3.551e+007  3.551e+007 -3.551e+007  2.159e+000
      93 -3.551e+007  3.551e+007  3.551e+007 -3.551e+007 -2.912e+007  2.912e+007  2.912e+007 -2.912e+007  2.001e+000
      94 -2.912e+007  2.912e+007  2.912e+007 -2.912e+007 -2.283e+007  2.283e+007  2.283e+007 -2.283e+007  1.793e+000
      95 -2.283e+007  2.283e+007  2.283e+007 -2.283e+007 -1.686e+007  1.686e+007  1.686e+007 -1.686e+007  1.561e+000
      96 -1.686e+007  1.686e+007  1.686e+007 -1.686e+007 -1.144e+007  1.144e+007  1.144e+007 -1.144e+007  1.306e+000
      97 -1.144e+007  1.144e+007  1.144e+007 -1.144e+007 -6.814e+006  6.814e+006  6.814e+006 -6.814e+006  1.023e+000
      98 -6.814e+006  6.814e+006  6.814e+006 -6.814e+006 -3.208e+006  3.208e+006  3.208e+006 -3.208e+006  7.271e-001
      99 -3.208e+006  3.208e+006  3.208e+006 -3.208e+006 -8.589e+005  8.589e+005  8.589e+005 -8.589e+005  4.250e-001
     100 -8.589e+005  8.589e+005  8.589e+005 -8.589e+005  3.963e-007  1.834e-007 -3.963e-007 -1.834e-007  1.362e-001
