JOB WALAS
"ship1_nodeElement.wet"
"ship1_nodeElement.dry"
"ship1_node.modal"
"ship1_element.modal"
"ship1_element.dudx"
"ship1_nodeElement_free_.wet"
"ship1_nodeElement_control.wet"
"ship1_slmParam.ini"
30          0           2           1           1           0           0           -6          6.0           0.05        
0            0           -1          
98470       5.323E+06   5.758E+06   0           0           0           
0           0           0           0
0           1025        9.81        
1           1000.0
1           42          
0.1         0.2         0.3         0.4         0.5         0.6         
0.7         0.8         0.9         1           1.1         1.2         
1.3         1.4         1.5         1.6         1.7         1.8         
1.9         2           2.1         2.2         2.3         2.4         
2.5         2.6         2.7         2.8         2.9         3           
3.1         3.2         3.3         3.4         3.5         3.6         
3.7         3.8         3.9         4           4.1         4.2         
1           5           
0           45          90          135         180         
200         
0           0           6           
0           1
0.10           0.10           0.03           0.03           0.03           0.10          
0.01           0.01           0.01           0.01           0.01           0.01           
40          
1.390E+03   -1.425E+01  1.014E+00   -1.000E+00  0.000E+00   
1.390E+03   -1.275E+01  1.014E+00   -1.000E+00  0.000E+00   
2.390E+03   -1.125E+01  1.014E+00   -1.000E+00  0.000E+00   
2.390E+03   -9.750E+00  1.014E+00   -1.000E+00  0.000E+00   
2.390E+03   -8.250E+00  1.014E+00   -1.000E+00  0.000E+00   
2.390E+03   -6.750E+00  1.014E+00   -1.000E+00  0.000E+00   
2.390E+03   -5.250E+00  1.014E+00   -1.000E+00  0.000E+00   
2.390E+03   -3.750E+00  1.014E+00   -1.000E+00  0.000E+00   
3.390E+03   -2.250E+00  1.014E+00   -1.000E+00  0.000E+00   
3.390E+03   -7.500E-01  1.014E+00   -1.000E+00  0.000E+00   
3.390E+03   7.500E-01   1.014E+00   -1.000E+00  0.000E+00   
3.390E+03   2.250E+00   1.014E+00   -1.000E+00  0.000E+00   
2.390E+03   3.750E+00   1.014E+00   -1.000E+00  0.000E+00   
2.390E+03   5.250E+00   1.014E+00   -1.000E+00  0.000E+00   
2.390E+03   6.750E+00   1.014E+00   -1.000E+00  0.000E+00   
2.390E+03   8.250E+00   1.014E+00   -1.000E+00  0.000E+00   
2.390E+03   9.750E+00   1.014E+00   -1.000E+00  0.000E+00   
2.390E+03   1.125E+01   1.014E+00   -1.000E+00  0.000E+00   
1.390E+03   1.275E+01   1.014E+00   -1.000E+00  0.000E+00   
1.390E+03   1.425E+01   1.014E+00   -1.000E+00  0.000E+00   
1.390E+03   -1.425E+01  -1.014E+00  -1.000E+00  0.000E+00   
1.390E+03   -1.275E+01  -1.014E+00  -1.000E+00  0.000E+00   
2.390E+03   -1.125E+01  -1.014E+00  -1.000E+00  0.000E+00   
2.390E+03   -9.750E+00  -1.014E+00  -1.000E+00  0.000E+00   
2.390E+03   -8.250E+00  -1.014E+00  -1.000E+00  0.000E+00   
2.390E+03   -6.750E+00  -1.014E+00  -1.000E+00  0.000E+00   
2.390E+03   -5.250E+00  -1.014E+00  -1.000E+00  0.000E+00   
2.390E+03   -3.750E+00  -1.014E+00  -1.000E+00  0.000E+00   
3.390E+03   -2.250E+00  -1.014E+00  -1.000E+00  0.000E+00   
3.390E+03   -7.500E-01  -1.014E+00  -1.000E+00  0.000E+00   
3.390E+03   7.500E-01   -1.014E+00  -1.000E+00  0.000E+00   
3.390E+03   2.250E+00   -1.014E+00  -1.000E+00  0.000E+00   
2.390E+03   3.750E+00   -1.014E+00  -1.000E+00  0.000E+00   
2.390E+03   5.250E+00   -1.014E+00  -1.000E+00  0.000E+00   
2.390E+03   6.750E+00   -1.014E+00  -1.000E+00  0.000E+00   
2.390E+03   8.250E+00   -1.014E+00  -1.000E+00  0.000E+00   
2.390E+03   9.750E+00   -1.014E+00  -1.000E+00  0.000E+00   
2.390E+03   1.125E+01   -1.014E+00  -1.000E+00  0.000E+00   
1.390E+03   1.275E+01   -1.014E+00  -1.000E+00  0.000E+00   
1.390E+03   1.425E+01   -1.014E+00  -1.000E+00  0.000E+00   
3           -1         
-7.500E+00  0.000E+00   -1.000E+00  
0.000E+00   0.000E+00   -1.000E+00  
7.500E+00   0.000E+00   -1.000E+00
SPRING
0
1.0e4    1.0e4      0      0      0       1.0e6
RUDDER-PID
0
180.  -10.0    7.0   3.0    3.0    -0.0   -3.0     
