JOB WALAS
"ship1_nodeElement.wet"
"ship1_nodeElement.dry"
"ship1_node.modal"
"ship1_element.modal"
"ship1_element.dudx"
"ship1_nodeElement_free_.wet"
"ship1_nodeElement_control.wet"
"ship1_slmParam.ini"
30  0.  2   1   1    0    0    -3.0    3.0      0.1
0   0   -1.0
9.847E+04  5.323E+06   5.758E+06 0.0 0.0 0.0
0.0     0.0      0.0  0
0.      1025.0   9.81
1 20.0
0 42
0.1    4.2
1 5
0  45  90  135  180
200
0 0 0
0 1
0. 0. 0. 0. 0. 0.
40
1.39E+03	-14.250 	1.014 	-1.000 	0.000 
1.39E+03	-12.750 	1.014 	-1.000 	0.000 
2.39E+03	-11.250 	1.014 	-1.000 	0.000 
2.39E+03	-9.750 	1.014 	-1.000 	0.000 
2.39E+03	-8.250 	1.014 	-1.000 	0.000 
2.39E+03	-6.750 	1.014 	-1.000 	0.000 
2.39E+03	-5.250 	1.014 	-1.000 	0.000 
2.39E+03	-3.750 	1.014 	-1.000 	0.000 
3.39E+03	-2.250 	1.014 	-1.000 	0.000 
3.39E+03	-0.750 	1.014 	-1.000 	0.000 
3.39E+03	0.750 	1.014 	-1.000 	0.000 
3.39E+03	2.250 	1.014 	-1.000 	0.000 
2.39E+03	3.750 	1.014 	-1.000 	0.000 
2.39E+03	5.250 	1.014 	-1.000 	0.000 
2.39E+03	6.750 	1.014 	-1.000 	0.000 
2.39E+03	8.250 	1.014 	-1.000 	0.000 
2.39E+03	9.750 	1.014 	-1.000 	0.000 
2.39E+03	11.250 	1.014 	-1.000 	0.000 
1.39E+03	12.750 	1.014 	-1.000 	0.000 
1.39E+03	14.250 	1.014 	-1.000 	0.000 
1.39E+03	-14.250 	-1.014 	-1.000 	0.000 
1.39E+03	-12.750 	-1.014 	-1.000 	0.000 
2.39E+03	-11.250 	-1.014 	-1.000 	0.000 
2.39E+03	-9.750 	-1.014 	-1.000 	0.000 
2.39E+03	-8.250 	-1.014 	-1.000 	0.000 
2.39E+03	-6.750 	-1.014 	-1.000 	0.000 
2.39E+03	-5.250 	-1.014 	-1.000 	0.000 
2.39E+03	-3.750 	-1.014 	-1.000 	0.000 
3.39E+03	-2.250 	-1.014 	-1.000 	0.000 
3.39E+03	-0.750 	-1.014 	-1.000 	0.000 
3.39E+03	0.750 	-1.014 	-1.000 	0.000 
3.39E+03	2.250 	-1.014 	-1.000 	0.000 
2.39E+03	3.750 	-1.014 	-1.000 	0.000 
2.39E+03	5.250 	-1.014 	-1.000 	0.000 
2.39E+03	6.750 	-1.014 	-1.000 	0.000 
2.39E+03	8.250 	-1.014 	-1.000 	0.000 
2.39E+03	9.750 	-1.014 	-1.000 	0.000 
2.39E+03	11.250 	-1.014 	-1.000 	0.000 
1.39E+03	12.750 	-1.014 	-1.000 	0.000 
1.39E+03	14.250 	-1.014 	-1.000 	0.000 
3   -1
-7.5   0   -1
0      0   -1
7.5    0   -1
SPRING
0
1.0e4    1.0e4      0      0      0       1.0e6
RUDDER-PID
0
2 -10         -2 3           3           0           -3     
