0
1.0e4    1.0e4      0      0      0       1.0e6
34
"B01"
0        2     1.848
0.3      360      250      300
6
0      0
0      0
0.0    0
0      0
0      0
0      0
"B02"
0        2        1.904
0.3      360      250      350
6
0      0
0      0
0.0    0
0      0
0      0
0      0
"B03"
0        2        1.963
0.3      360      250      350
6
0      0
0      0
0.0    0
0      0
0      0
0      0
"B04"
0        2        2.027
0.3      360      250      350
6
0      0
0      0
0.0    0
0      0
0      0
0      0
"B05"
0        2        2.094
0.3      360      250      350
6
0      0
0      0
0.0    0
0      0
0      0
0      0
"B06"
0        2        2.167
0.3      360      250      350
6
0      0
0      0
0.0    0
0      0
0      0
0      0
"B07"
0        2        2.244
0.3      360      250      350
6
0      0
0      0
0.0    0
0      0
0      0
0      0
"B08"
0        2        2.327
0.3      360      250      350
6
0      0
0      0
0.0    0
0      0
0      0
0      0
"B09"
0        2        2.417
0.3      360      250      350
6
0      0
0      0
0.0    0
0      0
0      0
0      0
"B10"
0        2        2.513
0.3      360      250      350
6
0      0
0      0
0.0    0
0      0
0      0
0      0
"B11"
0        2        2.618
0.3      360      250      350
6
0      0
0      0
0.0    0
0      0
0      0
0      0
"B12"
0        2        2.732
0.3      360      250      350
6
0      0
0      0
0.0    0
0      0
0      0
0      0
"B13"
0        2        2.856
0.3      360      250      350
6
0      0
0      0
0.0    0
0      0
0      0
0      0
"B14"
0        2        2.992
0.3      360      250      350
6
0      0
0      0
0.0    0
0      0
0      0
0      0
"B15"
0        2        3.142
0.3      360      250      350
6
0      0
0      0
0.0    0
0      0
0      0
0      0
"B16"
0        2        3.307
0.3      360      250      350
6
0      0
0      0
0.0    0
0      0
0      0
0      0
"B17"
0        2        3.491
0.3      360      250      350
6
0      0
0      0
0.0    0
0      0
0      0
0      0
"B18"
0        2        3.696
0.3      360      250      350
6
0      0
0      0
0.0    0
0      0
0      0
0      0
"B19"
0        2        3.927
0.3      360      250      350
6
0      0
0      0
0.0    0
0      0
0      0
0      0
"B20"
0        2        4.189
0.3      360      250      350
6
0      0
0      0
0.0    0
0      0
0      0
0      0
"B21"
0        2        4.488
0.3      360      250      350
6
0      0
0      0
0.0    0
0      0
0      0
0      0
"B22"
0        2        4.833
0.5      360      250      350
6
0      0
0      0
0.0    0
0      0
0      0
0      0
"B23"
0        2        5.236
0.5      360      250      350
6
0      0
0      0
0.0    0
0      0
0      0
0      0
"B24"
0        2        5.712
0.5      360      250      350
6
0      0
0      0
0.0    0
0      0
0      0
0      0
"B25"
0        2        6.283
0.3      360      250      350
6
0      0
0      0
0.0    0
0      0
0      0
0      0
"B26"
0        2        6.981
0.3      360      250      350
6
0      0
0      0
0.0    0
0      0
0      0
0      0
"B27"
0        2        7.854
0.3      360      250      350
6
0      0
0      0
0.0    0
0      0
0      0
0      0
"B28"
0        2        8.976
0.3      360      250      350
6
0      0
0      0
0.0    0
0      0
0      0
0      0
"B29"
0        2        10.472
0.3      360      250      350
6
0      0
0      0
0.0    0
0      0
0      0
0      0
"B30"
0        2        12.566
0.3      360      250      350
6
0      0
0      0
0.0    0
0      0
0      0
0      0
"B31"
0        2        15.708
0.3      360      250      350
6
0      0
0      0
0.0    0
0      0
0      0
0      0
"B32"
0        2        20.944
2      360      250      350
6
0      0
0      0
0.0    0
0      0
0      0
0      0
"B33"
0        2        31.416
3      360      250      350
6
0      0
0      0
0.0    0
0      0
0      0
0      0
"B34"
0        2        62.832
4     360      250      350
6
0      0
0      0
0.0    0
0      0
0      0
0      0


线性静水恢复力标志（1：采用线性，0：采用非线性；每个时刻重新计算） 平均湿表面计算入射力标志（1：采用平均位置，0：采用瞬时位置）
（0：规则波，1：不规则波） (0:P-M谱，1：Jonswap谱)  Hs  Tz  （r）
 angle
时间间隔  持续时间点数
初始条件（位移、速度）
人工弹性刚度（只有主对角线上）
