     400      361
       1  8.000e+002  0.000e+000  1.677e+001
       2  7.515e+002  3.939e+001  1.677e+001
       3  6.887e+002  5.800e+001  1.677e+001
       4  6.245e+002  7.068e+001  1.677e+001
       5  5.596e+002  8.005e+001  1.677e+001
       6  4.945e+002  8.712e+001  1.677e+001
       7  4.292e+002  9.241e+001  1.677e+001
       8  3.638e+002  9.621e+001  1.677e+001
       9  2.983e+002  9.865e+001  1.677e+001
      10  2.328e+002  9.985e+001  1.677e+001
      11  1.673e+002  9.985e+001  1.677e+001
      12  1.018e+002  9.865e+001  1.677e+001
      13  3.629e+001  9.621e+001  1.677e+001
      14 -2.912e+001  9.242e+001  1.677e+001
      15 -9.443e+001  8.713e+001  1.677e+001
      16 -1.596e+002  8.006e+001  1.677e+001
      17 -2.244e+002  7.069e+001  1.677e+001
      18 -2.887e+002  5.801e+001  1.677e+001
      19 -3.515e+002  3.942e+001  1.677e+001
      20 -4.000e+002  6.540e-002  1.677e+001
      21  7.783e+002  0.000e+000  1.677e+001
      22  7.312e+002  3.767e+001  1.677e+001
      23  6.707e+002  5.574e+001  1.677e+001
      24  6.087e+002  6.809e+001  1.677e+001
      25  5.462e+002  7.722e+001  1.677e+001
      26  4.833e+002  8.406e+001  1.677e+001
      27  4.203e+002  8.910e+001  1.677e+001
      28  3.572e+002  9.269e+001  1.677e+001
      29  2.940e+002  9.500e+001  1.677e+001
      30  2.308e+002  9.614e+001  1.677e+001
      31  1.676e+002  9.614e+001  1.677e+001
      32  1.044e+002  9.500e+001  1.677e+001
      33  4.118e+001  9.269e+001  1.677e+001
      34 -2.193e+001  8.910e+001  1.677e+001
      35 -8.495e+001  8.408e+001  1.677e+001
      36 -1.478e+002  7.737e+001  1.677e+001
      37 -2.104e+002  6.846e+001  1.677e+001
      38 -2.724e+002  5.630e+001  1.677e+001
      39 -3.330e+002  3.827e+001  1.677e+001
      40 -3.793e+002  6.431e-002  1.677e+001
      41  7.565e+002  0.000e+000  1.677e+001
      42  7.109e+002  3.595e+001  1.677e+001
      43  6.527e+002  5.347e+001  1.677e+001
      44  5.930e+002  6.551e+001  1.677e+001
      45  5.327e+002  7.440e+001  1.677e+001
      46  4.721e+002  8.100e+001  1.677e+001
      47  4.114e+002  8.578e+001  1.677e+001
      48  3.506e+002  8.917e+001  1.677e+001
      49  2.897e+002  9.135e+001  1.677e+001
      50  2.288e+002  9.243e+001  1.677e+001
      51  1.679e+002  9.243e+001  1.677e+001
      52  1.070e+002  9.135e+001  1.677e+001
      53  4.608e+001  8.917e+001  1.677e+001
      54 -1.474e+001  8.578e+001  1.677e+001
      55 -7.547e+001  8.104e+001  1.677e+001
      56 -1.361e+002  7.469e+001  1.677e+001
      57 -1.964e+002  6.623e+001  1.677e+001
      58 -2.562e+002  5.458e+001  1.677e+001
      59 -3.145e+002  3.713e+001  1.677e+001
      60 -3.585e+002  6.322e-002  1.677e+001
      61  7.348e+002  0.000e+000  1.677e+001
      62  6.907e+002  3.423e+001  1.677e+001
      63  6.346e+002  5.121e+001  1.677e+001
      64  5.772e+002  6.292e+001  1.677e+001
      65  5.192e+002  7.158e+001  1.677e+001
      66  4.610e+002  7.794e+001  1.677e+001
      67  4.025e+002  8.246e+001  1.677e+001
      68  3.440e+002  8.565e+001  1.677e+001
      69  2.854e+002  8.770e+001  1.677e+001
      70  2.268e+002  8.872e+001  1.677e+001
      71  1.682e+002  8.872e+001  1.677e+001
      72  1.096e+002  8.771e+001  1.677e+001
      73  5.098e+001  8.565e+001  1.677e+001
      74 -7.551e+000  8.246e+001  1.677e+001
      75 -6.599e+001  7.800e+001  1.677e+001
      76 -1.243e+002  7.201e+001  1.677e+001
      77 -1.823e+002  6.399e+001  1.677e+001
      78 -2.399e+002  5.287e+001  1.677e+001
      79 -2.960e+002  3.599e+001  1.677e+001
      80 -3.378e+002  6.213e-002  1.677e+001
      81  7.130e+002  0.000e+000  1.677e+001
      82  6.704e+002  3.250e+001  1.677e+001
      83  6.166e+002  4.895e+001  1.677e+001
      84  5.614e+002  6.033e+001  1.677e+001
      85  5.058e+002  6.875e+001  1.677e+001
      86  4.498e+002  7.487e+001  1.677e+001
      87  3.936e+002  7.914e+001  1.677e+001
      88  3.374e+002  8.213e+001  1.677e+001
      89  2.811e+002  8.406e+001  1.677e+001
      90  2.248e+002  8.501e+001  1.677e+001
      91  1.685e+002  8.501e+001  1.677e+001
      92  1.122e+002  8.406e+001  1.677e+001
      93  5.587e+001  8.213e+001  1.677e+001
      94 -3.604e-001  7.914e+001  1.677e+001
      95 -5.651e+001  7.495e+001  1.677e+001
      96 -1.125e+002  6.932e+001  1.677e+001
      97 -1.683e+002  6.176e+001  1.677e+001
      98 -2.236e+002  5.115e+001  1.677e+001
      99 -2.775e+002  3.484e+001  1.677e+001
     100 -3.170e+002  6.103e-002  1.677e+001
     101  6.913e+002  0.000e+000  1.677e+001
     102  6.501e+002  3.078e+001  1.677e+001
     103  5.985e+002  4.669e+001  1.677e+001
     104  5.457e+002  5.774e+001  1.677e+001
     105  4.923e+002  6.593e+001  1.677e+001
     106  4.386e+002  7.181e+001  1.677e+001
     107  3.847e+002  7.582e+001  1.677e+001
     108  3.308e+002  7.861e+001  1.677e+001
     109  2.768e+002  8.041e+001  1.677e+001
     110  2.228e+002  8.129e+001  1.677e+001
     111  1.688e+002  8.129e+001  1.677e+001
     112  1.148e+002  8.041e+001  1.677e+001
     113  6.077e+001  7.861e+001  1.677e+001
     114  6.831e+000  7.582e+001  1.677e+001
     115 -4.703e+001  7.191e+001  1.677e+001
     116 -1.008e+002  6.664e+001  1.677e+001
     117 -1.543e+002  5.953e+001  1.677e+001
     118 -2.074e+002  4.943e+001  1.677e+001
     119 -2.590e+002  3.370e+001  1.677e+001
     120 -2.963e+002  5.994e-002  1.677e+001
     121  6.695e+002  0.000e+000  1.677e+001
     122  6.298e+002  2.906e+001  1.677e+001
     123  5.805e+002  4.443e+001  1.677e+001
     124  5.299e+002  5.516e+001  1.677e+001
     125  4.788e+002  6.310e+001  1.677e+001
     126  4.274e+002  6.875e+001  1.677e+001
     127  3.758e+002  7.250e+001  1.677e+001
     128  3.242e+002  7.509e+001  1.677e+001
     129  2.725e+002  7.676e+001  1.677e+001
     130  2.208e+002  7.758e+001  1.677e+001
     131  1.691e+002  7.758e+001  1.677e+001
     132  1.174e+002  7.676e+001  1.677e+001
     133  6.567e+001  7.509e+001  1.677e+001
     134  1.402e+001  7.250e+001  1.677e+001
     135 -3.755e+001  6.887e+001  1.677e+001
     136 -8.902e+001  6.395e+001  1.677e+001
     137 -1.402e+002  5.730e+001  1.677e+001
     138 -1.911e+002  4.772e+001  1.677e+001
     139 -2.404e+002  3.256e+001  1.677e+001
     140 -2.756e+002  5.885e-002  1.677e+001
     141  6.478e+002  0.000e+000  1.677e+001
     142  6.095e+002  2.734e+001  1.677e+001
     143  5.624e+002  4.217e+001  1.677e+001
     144  5.142e+002  5.257e+001  1.677e+001
     145  4.654e+002  6.028e+001  1.677e+001
     146  4.162e+002  6.569e+001  1.677e+001
     147  3.670e+002  6.918e+001  1.677e+001
     148  3.176e+002  7.157e+001  1.677e+001
     149  2.682e+002  7.311e+001  1.677e+001
     150  2.188e+002  7.387e+001  1.677e+001
     151  1.694e+002  7.387e+001  1.677e+001
     152  1.200e+002  7.311e+001  1.677e+001
     153  7.057e+001  7.157e+001  1.677e+001
     154  2.121e+001  6.918e+001  1.677e+001
     155 -2.807e+001  6.582e+001  1.677e+001
     156 -7.726e+001  6.127e+001  1.677e+001
     157 -1.262e+002  5.506e+001  1.677e+001
     158 -1.749e+002  4.600e+001  1.677e+001
     159 -2.219e+002  3.141e+001  1.677e+001
     160 -2.548e+002  5.776e-002  1.677e+001
     161  6.260e+002  0.000e+000  1.677e+001
     162  5.892e+002  2.561e+001  1.677e+001
     163  5.444e+002  3.990e+001  1.677e+001
     164  4.984e+002  4.998e+001  1.677e+001
     165  4.519e+002  5.745e+001  1.677e+001
     166  4.051e+002  6.263e+001  1.677e+001
     167  3.581e+002  6.586e+001  1.677e+001
     168  3.110e+002  6.805e+001  1.677e+001
     169  2.639e+002  6.946e+001  1.677e+001
     170  2.168e+002  7.016e+001  1.677e+001
     171  1.697e+002  7.016e+001  1.677e+001
     172  1.226e+002  6.946e+001  1.677e+001
     173  7.546e+001  6.805e+001  1.677e+001
     174  2.840e+001  6.585e+001  1.677e+001
     175 -1.859e+001  6.278e+001  1.677e+001
     176 -6.550e+001  5.859e+001  1.677e+001
     177 -1.122e+002  5.283e+001  1.677e+001
     178 -1.586e+002  4.429e+001  1.677e+001
     179 -2.034e+002  3.027e+001  1.677e+001
     180 -2.341e+002  5.667e-002  1.677e+001
     181  6.043e+002  0.000e+000  1.677e+001
     182  5.689e+002  2.389e+001  1.677e+001
     183  5.263e+002  3.764e+001  1.677e+001
     184  4.826e+002  4.739e+001  1.677e+001
     185  4.384e+002  5.463e+001  1.677e+001
     186  3.939e+002  5.956e+001  1.677e+001
     187  3.492e+002  6.254e+001  1.677e+001
     188  3.044e+002  6.453e+001  1.677e+001
     189  2.596e+002  6.581e+001  1.677e+001
     190  2.148e+002  6.645e+001  1.677e+001
     191  1.700e+002  6.645e+001  1.677e+001
     192  1.252e+002  6.581e+001  1.677e+001
     193  8.036e+001  6.453e+001  1.677e+001
     194  3.559e+001  6.253e+001  1.677e+001
     195 -9.111e+000  5.974e+001  1.677e+001
     196 -5.375e+001  5.590e+001  1.677e+001
     197 -9.815e+001  5.060e+001  1.677e+001
     198 -1.423e+002  4.257e+001  1.677e+001
     199 -1.849e+002  2.913e+001  1.677e+001
     200 -2.134e+002  5.557e-002  1.677e+001
     201  5.825e+002  0.000e+000  1.677e+001
     202  5.486e+002  2.217e+001  1.677e+001
     203  5.083e+002  3.538e+001  1.677e+001
     204  4.669e+002  4.480e+001  1.677e+001
     205  4.250e+002  5.180e+001  1.677e+001
     206  3.827e+002  5.650e+001  1.677e+001
     207  3.403e+002  5.922e+001  1.677e+001
     208  2.978e+002  6.101e+001  1.677e+001
     209  2.553e+002  6.217e+001  1.677e+001
     210  2.128e+002  6.274e+001  1.677e+001
     211  1.703e+002  6.274e+001  1.677e+001
     212  1.278e+002  6.217e+001  1.677e+001
     213  8.526e+001  6.101e+001  1.677e+001
     214  4.279e+001  5.921e+001  1.677e+001
     215  3.690e-001  5.669e+001  1.677e+001
     216 -4.199e+001  5.322e+001  1.677e+001
     217 -8.413e+001  4.837e+001  1.677e+001
     218 -1.261e+002  4.086e+001  1.677e+001
     219 -1.664e+002  2.798e+001  1.677e+001
     220 -1.926e+002  5.448e-002  1.677e+001
     221  5.608e+002  0.000e+000  1.677e+001
     222  5.283e+002  2.044e+001  1.677e+001
     223  4.902e+002  3.312e+001  1.677e+001
     224  4.511e+002  4.222e+001  1.677e+001
     225  4.115e+002  4.898e+001  1.677e+001
     226  3.715e+002  5.344e+001  1.677e+001
     227  3.314e+002  5.590e+001  1.677e+001
     228  2.912e+002  5.749e+001  1.677e+001
     229  2.510e+002  5.852e+001  1.677e+001
     230  2.108e+002  5.902e+001  1.677e+001
     231  1.706e+002  5.902e+001  1.677e+001
     232  1.304e+002  5.852e+001  1.677e+001
     233  9.015e+001  5.749e+001  1.677e+001
     234  4.998e+001  5.589e+001  1.677e+001
     235  9.849e+000  5.365e+001  1.677e+001
     236 -3.023e+001  5.054e+001  1.677e+001
     237 -7.010e+001  4.613e+001  1.677e+001
     238 -1.098e+002  3.914e+001  1.677e+001
     239 -1.479e+002  2.684e+001  1.677e+001
     240 -1.719e+002  5.339e-002  1.677e+001
     241  5.390e+002  0.000e+000  1.677e+001
     242  5.081e+002  1.872e+001  1.677e+001
     243  4.722e+002  3.086e+001  1.677e+001
     244  4.354e+002  3.963e+001  1.677e+001
     245  3.980e+002  4.616e+001  1.677e+001
     246  3.603e+002  5.038e+001  1.677e+001
     247  3.225e+002  5.258e+001  1.677e+001
     248  2.846e+002  5.397e+001  1.677e+001
     249  2.467e+002  5.487e+001  1.677e+001
     250  2.088e+002  5.531e+001  1.677e+001
     251  1.709e+002  5.531e+001  1.677e+001
     252  1.330e+002  5.487e+001  1.677e+001
     253  9.505e+001  5.397e+001  1.677e+001
     254  5.717e+001  5.257e+001  1.677e+001
     255  1.933e+001  5.061e+001  1.677e+001
     256 -1.847e+001  4.785e+001  1.677e+001
     257 -5.607e+001  4.390e+001  1.677e+001
     258 -9.356e+001  3.743e+001  1.677e+001
     259 -1.294e+002  2.570e+001  1.677e+001
     260 -1.511e+002  5.230e-002  1.677e+001
     261  5.173e+002  0.000e+000  1.677e+001
     262  4.878e+002  1.700e+001  1.677e+001
     263  4.541e+002  2.859e+001  1.677e+001
     264  4.196e+002  3.704e+001  1.677e+001
     265  3.846e+002  4.333e+001  1.677e+001
     266  3.492e+002  4.732e+001  1.677e+001
     267  3.136e+002  4.927e+001  1.677e+001
     268  2.780e+002  5.045e+001  1.677e+001
     269  2.424e+002  5.122e+001  1.677e+001
     270  2.068e+002  5.160e+001  1.677e+001
     271  1.712e+002  5.160e+001  1.677e+001
     272  1.356e+002  5.122e+001  1.677e+001
     273  9.995e+001  5.045e+001  1.677e+001
     274  6.436e+001  4.925e+001  1.677e+001
     275  2.881e+001  4.756e+001  1.677e+001
     276 -6.715e+000  4.517e+001  1.677e+001
     277 -4.204e+001  4.167e+001  1.677e+001
     278 -7.730e+001  3.571e+001  1.677e+001
     279 -1.109e+002  2.455e+001  1.677e+001
     280 -1.304e+002  5.121e-002  1.677e+001
     281  4.955e+002  0.000e+000  1.677e+001
     282  4.675e+002  1.528e+001  1.677e+001
     283  4.361e+002  2.633e+001  1.677e+001
     284  4.038e+002  3.445e+001  1.677e+001
     285  3.711e+002  4.051e+001  1.677e+001
     286  3.380e+002  4.426e+001  1.677e+001
     287  3.047e+002  4.595e+001  1.677e+001
     288  2.714e+002  4.693e+001  1.677e+001
     289  2.381e+002  4.757e+001  1.677e+001
     290  2.048e+002  4.789e+001  1.677e+001
     291  1.715e+002  4.789e+001  1.677e+001
     292  1.382e+002  4.757e+001  1.677e+001
     293  1.048e+002  4.693e+001  1.677e+001
     294  7.155e+001  4.593e+001  1.677e+001
     295  3.829e+001  4.452e+001  1.677e+001
     296  5.043e+000  4.248e+001  1.677e+001
     297 -2.801e+001  3.944e+001  1.677e+001
     298 -6.103e+001  3.399e+001  1.677e+001
     299 -9.243e+001  2.341e+001  1.677e+001
     300 -1.097e+002  5.011e-002  1.677e+001
     301  4.738e+002  0.000e+000  1.677e+001
     302  4.472e+002  1.355e+001  1.677e+001
     303  4.181e+002  2.407e+001  1.677e+001
     304  3.881e+002  3.187e+001  1.677e+001
     305  3.576e+002  3.768e+001  1.677e+001
     306  3.268e+002  4.119e+001  1.677e+001
     307  2.958e+002  4.263e+001  1.677e+001
     308  2.648e+002  4.341e+001  1.677e+001
     309  2.338e+002  4.392e+001  1.677e+001
     310  2.028e+002  4.418e+001  1.677e+001
     311  1.718e+002  4.418e+001  1.677e+001
     312  1.408e+002  4.392e+001  1.677e+001
     313  1.097e+002  4.341e+001  1.677e+001
     314  7.874e+001  4.261e+001  1.677e+001
     315  4.777e+001  4.148e+001  1.677e+001
     316  1.680e+001  3.980e+001  1.677e+001
     317 -1.398e+001  3.720e+001  1.677e+001
     318 -4.477e+001  3.228e+001  1.677e+001
     319 -7.393e+001  2.227e+001  1.677e+001
     320 -8.893e+001  4.902e-002  1.677e+001
     321  4.520e+002  0.000e+000  1.677e+001
     322  4.269e+002  1.183e+001  1.677e+001
     323  4.000e+002  2.181e+001  1.677e+001
     324  3.723e+002  2.928e+001  1.677e+001
     325  3.442e+002  3.486e+001  1.677e+001
     326  3.156e+002  3.813e+001  1.677e+001
     327  2.869e+002  3.931e+001  1.677e+001
     328  2.582e+002  3.989e+001  1.677e+001
     329  2.295e+002  4.028e+001  1.677e+001
     330  2.008e+002  4.047e+001  1.677e+001
     331  1.721e+002  4.047e+001  1.677e+001
     332  1.434e+002  4.028e+001  1.677e+001
     333  1.146e+002  3.989e+001  1.677e+001
     334  8.593e+001  3.929e+001  1.677e+001
     335  5.725e+001  3.843e+001  1.677e+001
     336  2.856e+001  3.712e+001  1.677e+001
     337  4.633e-002  3.497e+001  1.677e+001
     338 -2.851e+001  3.056e+001  1.677e+001
     339 -5.543e+001  2.112e+001  1.677e+001
     340 -6.819e+001  4.793e-002  1.677e+001
     341  4.303e+002  0.000e+000  1.677e+001
     342  4.066e+002  1.011e+001  1.677e+001
     343  3.820e+002  1.955e+001  1.677e+001
     344  3.566e+002  2.669e+001  1.677e+001
     345  3.307e+002  3.203e+001  1.677e+001
     346  3.045e+002  3.507e+001  1.677e+001
     347  2.781e+002  3.599e+001  1.677e+001
     348  2.516e+002  3.636e+001  1.677e+001
     349  2.252e+002  3.663e+001  1.677e+001
     350  1.988e+002  3.675e+001  1.677e+001
     351  1.724e+002  3.675e+001  1.677e+001
     352  1.460e+002  3.663e+001  1.677e+001
     353  1.195e+002  3.637e+001  1.677e+001
     354  9.312e+001  3.597e+001  1.677e+001
     355  6.673e+001  3.539e+001  1.677e+001
     356  4.032e+001  3.443e+001  1.677e+001
     357  1.407e+001  3.274e+001  1.677e+001
     358 -1.225e+001  2.885e+001  1.677e+001
     359 -3.693e+001  1.998e+001  1.677e+001
     360 -4.746e+001  4.684e-002  1.677e+001
     361  4.085e+002  0.000e+000  1.677e+001
     362  3.863e+002  8.386e+000  1.677e+001
     363  3.639e+002  1.729e+001  1.677e+001
     364  3.408e+002  2.410e+001  1.677e+001
     365  3.172e+002  2.921e+001  1.677e+001
     366  2.933e+002  3.201e+001  1.677e+001
     367  2.692e+002  3.267e+001  1.677e+001
     368  2.450e+002  3.284e+001  1.677e+001
     369  2.209e+002  3.298e+001  1.677e+001
     370  1.968e+002  3.304e+001  1.677e+001
     371  1.727e+002  3.304e+001  1.677e+001
     372  1.486e+002  3.298e+001  1.677e+001
     373  1.244e+002  3.285e+001  1.677e+001
     374  1.003e+002  3.265e+001  1.677e+001
     375  7.621e+001  3.235e+001  1.677e+001
     376  5.207e+001  3.175e+001  1.677e+001
     377  2.810e+001  3.051e+001  1.677e+001
     378  4.008e+000  2.713e+001  1.677e+001
     379 -1.843e+001  1.884e+001  1.677e+001
     380 -2.672e+001  4.575e-002  1.677e+001
     381  3.868e+002  0.000e+000  1.677e+001
     382  3.660e+002  6.663e+000  1.677e+001
     383  3.459e+002  1.502e+001  1.677e+001
     384  3.250e+002  2.151e+001  1.677e+001
     385  3.038e+002  2.639e+001  1.677e+001
     386  2.821e+002  2.895e+001  1.677e+001
     387  2.603e+002  2.935e+001  1.677e+001
     388  2.385e+002  2.932e+001  1.677e+001
     389  2.166e+002  2.933e+001  1.677e+001
     390  1.948e+002  2.933e+001  1.677e+001
     391  1.730e+002  2.933e+001  1.677e+001
     392  1.512e+002  2.933e+001  1.677e+001
     393  1.293e+002  2.933e+001  1.677e+001
     394  1.075e+002  2.933e+001  1.677e+001
     395  8.569e+001  2.930e+001  1.677e+001
     396  6.383e+001  2.907e+001  1.677e+001
     397  4.213e+001  2.827e+001  1.677e+001
     398  2.027e+001  2.542e+001  1.677e+001
     399  7.367e-002  1.769e+001  1.677e+001
     400 -5.981e+000  4.465e-002  1.677e+001
       1        1        2       22       21
       2        2        3       23       22
       3        3        4       24       23
       4        4        5       25       24
       5        5        6       26       25
       6        6        7       27       26
       7        7        8       28       27
       8        8        9       29       28
       9        9       10       30       29
      10       10       11       31       30
      11       11       12       32       31
      12       12       13       33       32
      13       13       14       34       33
      14       14       15       35       34
      15       15       16       36       35
      16       16       17       37       36
      17       17       18       38       37
      18       18       19       39       38
      19       19       20       40       39
      20       21       22       42       41
      21       22       23       43       42
      22       23       24       44       43
      23       24       25       45       44
      24       25       26       46       45
      25       26       27       47       46
      26       27       28       48       47
      27       28       29       49       48
      28       29       30       50       49
      29       30       31       51       50
      30       31       32       52       51
      31       32       33       53       52
      32       33       34       54       53
      33       34       35       55       54
      34       35       36       56       55
      35       36       37       57       56
      36       37       38       58       57
      37       38       39       59       58
      38       39       40       60       59
      39       41       42       62       61
      40       42       43       63       62
      41       43       44       64       63
      42       44       45       65       64
      43       45       46       66       65
      44       46       47       67       66
      45       47       48       68       67
      46       48       49       69       68
      47       49       50       70       69
      48       50       51       71       70
      49       51       52       72       71
      50       52       53       73       72
      51       53       54       74       73
      52       54       55       75       74
      53       55       56       76       75
      54       56       57       77       76
      55       57       58       78       77
      56       58       59       79       78
      57       59       60       80       79
      58       61       62       82       81
      59       62       63       83       82
      60       63       64       84       83
      61       64       65       85       84
      62       65       66       86       85
      63       66       67       87       86
      64       67       68       88       87
      65       68       69       89       88
      66       69       70       90       89
      67       70       71       91       90
      68       71       72       92       91
      69       72       73       93       92
      70       73       74       94       93
      71       74       75       95       94
      72       75       76       96       95
      73       76       77       97       96
      74       77       78       98       97
      75       78       79       99       98
      76       79       80      100       99
      77       81       82      102      101
      78       82       83      103      102
      79       83       84      104      103
      80       84       85      105      104
      81       85       86      106      105
      82       86       87      107      106
      83       87       88      108      107
      84       88       89      109      108
      85       89       90      110      109
      86       90       91      111      110
      87       91       92      112      111
      88       92       93      113      112
      89       93       94      114      113
      90       94       95      115      114
      91       95       96      116      115
      92       96       97      117      116
      93       97       98      118      117
      94       98       99      119      118
      95       99      100      120      119
      96      101      102      122      121
      97      102      103      123      122
      98      103      104      124      123
      99      104      105      125      124
     100      105      106      126      125
     101      106      107      127      126
     102      107      108      128      127
     103      108      109      129      128
     104      109      110      130      129
     105      110      111      131      130
     106      111      112      132      131
     107      112      113      133      132
     108      113      114      134      133
     109      114      115      135      134
     110      115      116      136      135
     111      116      117      137      136
     112      117      118      138      137
     113      118      119      139      138
     114      119      120      140      139
     115      121      122      142      141
     116      122      123      143      142
     117      123      124      144      143
     118      124      125      145      144
     119      125      126      146      145
     120      126      127      147      146
     121      127      128      148      147
     122      128      129      149      148
     123      129      130      150      149
     124      130      131      151      150
     125      131      132      152      151
     126      132      133      153      152
     127      133      134      154      153
     128      134      135      155      154
     129      135      136      156      155
     130      136      137      157      156
     131      137      138      158      157
     132      138      139      159      158
     133      139      140      160      159
     134      141      142      162      161
     135      142      143      163      162
     136      143      144      164      163
     137      144      145      165      164
     138      145      146      166      165
     139      146      147      167      166
     140      147      148      168      167
     141      148      149      169      168
     142      149      150      170      169
     143      150      151      171      170
     144      151      152      172      171
     145      152      153      173      172
     146      153      154      174      173
     147      154      155      175      174
     148      155      156      176      175
     149      156      157      177      176
     150      157      158      178      177
     151      158      159      179      178
     152      159      160      180      179
     153      161      162      182      181
     154      162      163      183      182
     155      163      164      184      183
     156      164      165      185      184
     157      165      166      186      185
     158      166      167      187      186
     159      167      168      188      187
     160      168      169      189      188
     161      169      170      190      189
     162      170      171      191      190
     163      171      172      192      191
     164      172      173      193      192
     165      173      174      194      193
     166      174      175      195      194
     167      175      176      196      195
     168      176      177      197      196
     169      177      178      198      197
     170      178      179      199      198
     171      179      180      200      199
     172      181      182      202      201
     173      182      183      203      202
     174      183      184      204      203
     175      184      185      205      204
     176      185      186      206      205
     177      186      187      207      206
     178      187      188      208      207
     179      188      189      209      208
     180      189      190      210      209
     181      190      191      211      210
     182      191      192      212      211
     183      192      193      213      212
     184      193      194      214      213
     185      194      195      215      214
     186      195      196      216      215
     187      196      197      217      216
     188      197      198      218      217
     189      198      199      219      218
     190      199      200      220      219
     191      201      202      222      221
     192      202      203      223      222
     193      203      204      224      223
     194      204      205      225      224
     195      205      206      226      225
     196      206      207      227      226
     197      207      208      228      227
     198      208      209      229      228
     199      209      210      230      229
     200      210      211      231      230
     201      211      212      232      231
     202      212      213      233      232
     203      213      214      234      233
     204      214      215      235      234
     205      215      216      236      235
     206      216      217      237      236
     207      217      218      238      237
     208      218      219      239      238
     209      219      220      240      239
     210      221      222      242      241
     211      222      223      243      242
     212      223      224      244      243
     213      224      225      245      244
     214      225      226      246      245
     215      226      227      247      246
     216      227      228      248      247
     217      228      229      249      248
     218      229      230      250      249
     219      230      231      251      250
     220      231      232      252      251
     221      232      233      253      252
     222      233      234      254      253
     223      234      235      255      254
     224      235      236      256      255
     225      236      237      257      256
     226      237      238      258      257
     227      238      239      259      258
     228      239      240      260      259
     229      241      242      262      261
     230      242      243      263      262
     231      243      244      264      263
     232      244      245      265      264
     233      245      246      266      265
     234      246      247      267      266
     235      247      248      268      267
     236      248      249      269      268
     237      249      250      270      269
     238      250      251      271      270
     239      251      252      272      271
     240      252      253      273      272
     241      253      254      274      273
     242      254      255      275      274
     243      255      256      276      275
     244      256      257      277      276
     245      257      258      278      277
     246      258      259      279      278
     247      259      260      280      279
     248      261      262      282      281
     249      262      263      283      282
     250      263      264      284      283
     251      264      265      285      284
     252      265      266      286      285
     253      266      267      287      286
     254      267      268      288      287
     255      268      269      289      288
     256      269      270      290      289
     257      270      271      291      290
     258      271      272      292      291
     259      272      273      293      292
     260      273      274      294      293
     261      274      275      295      294
     262      275      276      296      295
     263      276      277      297      296
     264      277      278      298      297
     265      278      279      299      298
     266      279      280      300      299
     267      281      282      302      301
     268      282      283      303      302
     269      283      284      304      303
     270      284      285      305      304
     271      285      286      306      305
     272      286      287      307      306
     273      287      288      308      307
     274      288      289      309      308
     275      289      290      310      309
     276      290      291      311      310
     277      291      292      312      311
     278      292      293      313      312
     279      293      294      314      313
     280      294      295      315      314
     281      295      296      316      315
     282      296      297      317      316
     283      297      298      318      317
     284      298      299      319      318
     285      299      300      320      319
     286      301      302      322      321
     287      302      303      323      322
     288      303      304      324      323
     289      304      305      325      324
     290      305      306      326      325
     291      306      307      327      326
     292      307      308      328      327
     293      308      309      329      328
     294      309      310      330      329
     295      310      311      331      330
     296      311      312      332      331
     297      312      313      333      332
     298      313      314      334      333
     299      314      315      335      334
     300      315      316      336      335
     301      316      317      337      336
     302      317      318      338      337
     303      318      319      339      338
     304      319      320      340      339
     305      321      322      342      341
     306      322      323      343      342
     307      323      324      344      343
     308      324      325      345      344
     309      325      326      346      345
     310      326      327      347      346
     311      327      328      348      347
     312      328      329      349      348
     313      329      330      350      349
     314      330      331      351      350
     315      331      332      352      351
     316      332      333      353      352
     317      333      334      354      353
     318      334      335      355      354
     319      335      336      356      355
     320      336      337      357      356
     321      337      338      358      357
     322      338      339      359      358
     323      339      340      360      359
     324      341      342      362      361
     325      342      343      363      362
     326      343      344      364      363
     327      344      345      365      364
     328      345      346      366      365
     329      346      347      367      366
     330      347      348      368      367
     331      348      349      369      368
     332      349      350      370      369
     333      350      351      371      370
     334      351      352      372      371
     335      352      353      373      372
     336      353      354      374      373
     337      354      355      375      374
     338      355      356      376      375
     339      356      357      377      376
     340      357      358      378      377
     341      358      359      379      378
     342      359      360      380      379
     343      361      362      382      381
     344      362      363      383      382
     345      363      364      384      383
     346      364      365      385      384
     347      365      366      386      385
     348      366      367      387      386
     349      367      368      388      387
     350      368      369      389      388
     351      369      370      390      389
     352      370      371      391      390
     353      371      372      392      391
     354      372      373      393      392
     355      373      374      394      393
     356      374      375      395      394
     357      375      376      396      395
     358      376      377      397      396
     359      377      378      398      397
     360      378      379      399      398
     361      379      380      400      399
