     361      351
       1  2.000e+002  0.000e+000 -3.323e+001
       2  2.674e+002  0.000e+000 -3.289e+001
       3  2.654e+002  2.767e+000 -3.289e+001
       4  2.623e+002  4.339e+000 -3.289e+001
       5  2.589e+002  5.511e+000 -3.289e+001
       6  2.556e+002  6.444e+000 -3.289e+001
       7  2.521e+002  7.246e+000 -3.289e+001
       8  2.487e+002  7.923e+000 -3.289e+001
       9  2.452e+002  8.497e+000 -3.289e+001
      10  2.418e+002  9.014e+000 -3.288e+001
      11  2.383e+002  9.486e+000 -3.288e+001
      12  2.348e+002  9.916e+000 -3.288e+001
      13  2.313e+002  1.031e+001 -3.287e+001
      14  2.279e+002  1.068e+001 -3.287e+001
      15  2.244e+002  1.104e+001 -3.286e+001
      16  2.209e+002  1.139e+001 -3.286e+001
      17  2.174e+002  1.177e+001 -3.285e+001
      18  2.138e+002  1.217e+001 -3.283e+001
      19  2.102e+002  1.262e+001 -3.281e+001
      20  2.063e+002  1.308e+001 -3.279e+001
      21  2.021e+002  1.340e+001 -3.277e+001
      22  1.979e+002  1.340e+001 -3.277e+001
      23  1.937e+002  1.307e+001 -3.279e+001
      24  1.898e+002  1.262e+001 -3.281e+001
      25  1.862e+002  1.216e+001 -3.283e+001
      26  1.826e+002  1.176e+001 -3.285e+001
      27  1.791e+002  1.139e+001 -3.286e+001
      28  1.756e+002  1.103e+001 -3.287e+001
      29  1.721e+002  1.067e+001 -3.287e+001
      30  1.687e+002  1.031e+001 -3.288e+001
      31  1.652e+002  9.909e+000 -3.288e+001
      32  1.617e+002  9.479e+000 -3.288e+001
      33  1.582e+002  9.008e+000 -3.288e+001
      34  1.548e+002  8.490e+000 -3.289e+001
      35  1.513e+002  7.916e+000 -3.289e+001
      36  1.479e+002  7.240e+000 -3.289e+001
      37  1.444e+002  6.435e+000 -3.289e+001
      38  1.411e+002  5.504e+000 -3.289e+001
      39  1.377e+002  4.334e+000 -3.289e+001
      40  1.346e+002  2.757e+000 -3.289e+001
      41  1.326e+002  3.752e-003 -3.289e+001
      42  3.349e+002  0.000e+000 -3.195e+001
      43  3.308e+002  5.500e+000 -3.194e+001
      44  3.245e+002  8.721e+000 -3.194e+001
      45  3.179e+002  1.105e+001 -3.194e+001
      46  3.111e+002  1.292e+001 -3.194e+001
      47  3.042e+002  1.448e+001 -3.193e+001
      48  2.973e+002  1.582e+001 -3.192e+001
      49  2.904e+002  1.700e+001 -3.192e+001
      50  2.835e+002  1.804e+001 -3.191e+001
      51  2.766e+002  1.899e+001 -3.190e+001
      52  2.696e+002  1.984e+001 -3.189e+001
      53  2.627e+002  2.062e+001 -3.187e+001
      54  2.557e+002  2.135e+001 -3.185e+001
      55  2.488e+002  2.207e+001 -3.182e+001
      56  2.418e+002  2.277e+001 -3.179e+001
      57  2.348e+002  2.351e+001 -3.174e+001
      58  2.277e+002  2.432e+001 -3.167e+001
      59  2.203e+002  2.521e+001 -3.158e+001
      60  2.125e+002  2.611e+001 -3.148e+001
      61  2.043e+002  2.674e+001 -3.141e+001
      62  1.957e+002  2.674e+001 -3.141e+001
      63  1.875e+002  2.611e+001 -3.148e+001
      64  1.797e+002  2.521e+001 -3.158e+001
      65  1.724e+002  2.432e+001 -3.167e+001
      66  1.652e+002  2.351e+001 -3.174e+001
      67  1.582e+002  2.278e+001 -3.179e+001
      68  1.512e+002  2.207e+001 -3.182e+001
      69  1.443e+002  2.136e+001 -3.185e+001
      70  1.373e+002  2.063e+001 -3.187e+001
      71  1.304e+002  1.985e+001 -3.189e+001
      72  1.235e+002  1.899e+001 -3.190e+001
      73  1.165e+002  1.805e+001 -3.191e+001
      74  1.096e+002  1.701e+001 -3.192e+001
      75  1.027e+002  1.583e+001 -3.192e+001
      76  9.577e+001  1.449e+001 -3.193e+001
      77  8.891e+001  1.293e+001 -3.193e+001
      78  8.212e+001  1.106e+001 -3.194e+001
      79  7.547e+001  8.735e+000 -3.194e+001
      80  6.918e+001  5.534e+000 -3.194e+001
      81  6.512e+001  7.180e-003 -3.195e+001
      82  4.023e+002  0.000e+000 -3.030e+001
      83  3.962e+002  8.294e+000 -3.030e+001
      84  3.868e+002  1.309e+001 -3.029e+001
      85  3.768e+002  1.657e+001 -3.029e+001
      86  3.666e+002  1.938e+001 -3.028e+001
      87  3.563e+002  2.172e+001 -3.027e+001
      88  3.460e+002  2.374e+001 -3.025e+001
      89  3.356e+002  2.550e+001 -3.024e+001
      90  3.252e+002  2.707e+001 -3.022e+001
      91  3.148e+002  2.848e+001 -3.020e+001
      92  3.044e+002  2.975e+001 -3.017e+001
      93  2.940e+002  3.092e+001 -3.013e+001
      94  2.835e+002  3.202e+001 -3.008e+001
      95  2.731e+002  3.307e+001 -3.002e+001
      96  2.626e+002  3.412e+001 -2.994e+001
      97  2.521e+002  3.521e+001 -2.982e+001
      98  2.414e+002  3.641e+001 -2.967e+001
      99  2.304e+002  3.772e+001 -2.947e+001
     100  2.188e+002  3.903e+001 -2.924e+001
     101  2.064e+002  3.994e+001 -2.907e+001
     102  1.936e+002  3.994e+001 -2.907e+001
     103  1.813e+002  3.903e+001 -2.924e+001
     104  1.696e+002  3.773e+001 -2.946e+001
     105  1.586e+002  3.643e+001 -2.966e+001
     106  1.479e+002  3.523e+001 -2.982e+001
     107  1.374e+002  3.413e+001 -2.993e+001
     108  1.269e+002  3.308e+001 -3.002e+001
     109  1.165e+002  3.203e+001 -3.008e+001
     110  1.061e+002  3.093e+001 -3.013e+001
     111  9.563e+001  2.976e+001 -3.017e+001
     112  8.521e+001  2.848e+001 -3.020e+001
     113  7.480e+001  2.708e+001 -3.022e+001
     114  6.440e+001  2.551e+001 -3.024e+001
     115  5.402e+001  2.374e+001 -3.025e+001
     116  4.368e+001  2.173e+001 -3.027e+001
     117  3.339e+001  1.939e+001 -3.028e+001
     118  2.321e+001  1.659e+001 -3.028e+001
     119  1.322e+001  1.310e+001 -3.029e+001
     120  3.791e+000  8.295e+000 -3.030e+001
     121 -2.296e+000  1.077e-002 -3.030e+001
     122  4.697e+002  0.000e+000 -2.789e+001
     123  4.616e+002  1.105e+001 -2.789e+001
     124  4.490e+002  1.744e+001 -2.787e+001
     125  4.357e+002  2.210e+001 -2.786e+001
     126  4.221e+002  2.583e+001 -2.784e+001
     127  4.084e+002  2.895e+001 -2.782e+001
     128  3.946e+002  3.165e+001 -2.780e+001
     129  3.808e+002  3.399e+001 -2.777e+001
     130  3.669e+002  3.609e+001 -2.774e+001
     131  3.530e+002  3.796e+001 -2.769e+001
     132  3.391e+002  3.965e+001 -2.764e+001
     133  3.252e+002  4.120e+001 -2.757e+001
     134  3.113e+002  4.266e+001 -2.749e+001
     135  2.974e+002  4.406e+001 -2.737e+001
     136  2.834e+002  4.544e+001 -2.722e+001
     137  2.694e+002  4.688e+001 -2.701e+001
     138  2.551e+002  4.843e+001 -2.673e+001
     139  2.404e+002  5.011e+001 -2.637e+001
     140  2.249e+002  5.177e+001 -2.596e+001
     141  2.085e+002  5.291e+001 -2.565e+001
     142  1.916e+002  5.291e+001 -2.565e+001
     143  1.751e+002  5.177e+001 -2.596e+001
     144  1.597e+002  5.012e+001 -2.637e+001
     145  1.449e+002  4.843e+001 -2.673e+001
     146  1.307e+002  4.689e+001 -2.701e+001
     147  1.166e+002  4.545e+001 -2.722e+001
     148  1.026e+002  4.406e+001 -2.737e+001
     149  8.871e+001  4.267e+001 -2.749e+001
     150  7.481e+001  4.121e+001 -2.757e+001
     151  6.091e+001  3.965e+001 -2.764e+001
     152  4.701e+001  3.796e+001 -2.769e+001
     153  3.313e+001  3.609e+001 -2.773e+001
     154  1.925e+001  3.400e+001 -2.777e+001
     155  5.411e+000  3.165e+001 -2.780e+001
     156 -8.386e+000  2.896e+001 -2.782e+001
     157 -2.210e+001  2.584e+001 -2.784e+001
     158 -3.569e+001  2.211e+001 -2.786e+001
     159 -4.900e+001  1.746e+001 -2.787e+001
     160 -6.158e+001  1.106e+001 -2.788e+001
     161 -6.969e+001  1.436e-002 -2.789e+001
     162  5.371e+002  0.000e+000 -2.459e+001
     163  5.269e+002  1.380e+001 -2.458e+001
     164  5.112e+002  2.180e+001 -2.456e+001
     165  4.946e+002  2.764e+001 -2.454e+001
     166  4.776e+002  3.229e+001 -2.451e+001
     167  4.604e+002  3.619e+001 -2.448e+001
     168  4.432e+002  3.954e+001 -2.444e+001
     169  4.259e+002  4.248e+001 -2.439e+001
     170  4.085e+002  4.508e+001 -2.434e+001
     171  3.911e+002  4.742e+001 -2.427e+001
     172  3.738e+002  4.953e+001 -2.418e+001
     173  3.564e+002  5.146e+001 -2.407e+001
     174  3.390e+002  5.327e+001 -2.393e+001
     175  3.215e+002  5.500e+001 -2.374e+001
     176  3.041e+002  5.670e+001 -2.349e+001
     177  2.865e+002  5.845e+001 -2.316e+001
     178  2.686e+002  6.031e+001 -2.270e+001
     179  2.502e+002  6.230e+001 -2.212e+001
     180  2.309e+002  6.421e+001 -2.147e+001
     181  2.105e+002  6.550e+001 -2.100e+001
     182  1.896e+002  6.550e+001 -2.100e+001
     183  1.692e+002  6.421e+001 -2.147e+001
     184  1.499e+002  6.230e+001 -2.212e+001
     185  1.314e+002  6.031e+001 -2.270e+001
     186  1.136e+002  5.845e+001 -2.316e+001
     187  9.595e+001  5.670e+001 -2.349e+001
     188  7.847e+001  5.500e+001 -2.374e+001
     189  6.105e+001  5.327e+001 -2.393e+001
     190  4.365e+001  5.146e+001 -2.407e+001
     191  2.626e+001  4.953e+001 -2.418e+001
     192  8.880e+000  4.742e+001 -2.427e+001
     193 -8.489e+000  4.509e+001 -2.434e+001
     194 -2.584e+001  4.249e+001 -2.439e+001
     195 -4.315e+001  3.955e+001 -2.444e+001
     196 -6.040e+001  3.619e+001 -2.448e+001
     197 -7.755e+001  3.229e+001 -2.451e+001
     198 -9.453e+001  2.764e+001 -2.454e+001
     199 -1.112e+002  2.181e+001 -2.456e+001
     200 -1.269e+002  1.381e+001 -2.458e+001
     201 -1.371e+002  1.780e-002 -2.459e+001
     202  6.044e+002  0.000e+000 -2.017e+001
     203  5.922e+002  1.656e+001 -2.015e+001
     204  5.733e+002  2.615e+001 -2.012e+001
     205  5.533e+002  3.314e+001 -2.009e+001
     206  5.329e+002  3.873e+001 -2.005e+001
     207  5.123e+002  4.341e+001 -1.999e+001
     208  4.916e+002  4.743e+001 -1.993e+001
     209  4.708e+002  5.094e+001 -1.986e+001
     210  4.500e+002  5.405e+001 -1.977e+001
     211  4.292e+002  5.684e+001 -1.966e+001
     212  4.083e+002  5.937e+001 -1.953e+001
     213  3.874e+002  6.168e+001 -1.936e+001
     214  3.665e+002  6.382e+001 -1.914e+001
     215  3.455e+002  6.585e+001 -1.885e+001
     216  3.245e+002  6.784e+001 -1.847e+001
     217  3.033e+002  6.984e+001 -1.796e+001
     218  2.818e+002  7.194e+001 -1.728e+001
     219  2.597e+002  7.411e+001 -1.643e+001
     220  2.366e+002  7.613e+001 -1.551e+001
     221  2.124e+002  7.744e+001 -1.485e+001
     222  1.876e+002  7.744e+001 -1.485e+001
     223  1.634e+002  7.613e+001 -1.550e+001
     224  1.403e+002  7.411e+001 -1.643e+001
     225  1.182e+002  7.194e+001 -1.728e+001
     226  9.670e+001  6.984e+001 -1.796e+001
     227  7.552e+001  6.784e+001 -1.847e+001
     228  5.449e+001  6.585e+001 -1.885e+001
     229  3.355e+001  6.382e+001 -1.914e+001
     230  1.264e+001  6.168e+001 -1.936e+001
     231 -8.256e+000  5.937e+001 -1.953e+001
     232 -2.914e+001  5.684e+001 -1.966e+001
     233 -5.000e+001  5.406e+001 -1.977e+001
     234 -7.083e+001  5.095e+001 -1.986e+001
     235 -9.161e+001  4.743e+001 -1.993e+001
     236 -1.123e+002  4.341e+001 -1.999e+001
     237 -1.329e+002  3.873e+001 -2.005e+001
     238 -1.533e+002  3.315e+001 -2.009e+001
     239 -1.733e+002  2.616e+001 -2.012e+001
     240 -1.922e+002  1.657e+001 -2.015e+001
     241 -2.043e+002  2.135e-002 -2.017e+001
     242  6.715e+002  0.000e+000 -1.415e+001
     243  6.573e+002  1.932e+001 -1.412e+001
     244  6.353e+002  3.049e+001 -1.408e+001
     245  6.120e+002  3.864e+001 -1.402e+001
     246  5.882e+002  4.516e+001 -1.396e+001
     247  5.641e+002  5.061e+001 -1.388e+001
     248  5.399e+002  5.527e+001 -1.378e+001
     249  5.157e+002  5.937e+001 -1.367e+001
     250  4.913e+002  6.299e+001 -1.354e+001
     251  4.669e+002  6.623e+001 -1.337e+001
     252  4.425e+002  6.914e+001 -1.317e+001
     253  4.181e+002  7.179e+001 -1.292e+001
     254  3.937e+002  7.423e+001 -1.259e+001
     255  3.691e+002  7.653e+001 -1.216e+001
     256  3.445e+002  7.874e+001 -1.160e+001
     257  3.197e+002  8.091e+001 -1.087e+001
     258  2.945e+002  8.308e+001 -9.915e+000
     259  2.686e+002  8.521e+001 -8.762e+000
     260  2.418e+002  8.706e+001 -7.577e+000
     261  2.141e+002  8.819e+001 -6.772e+000
     262  1.859e+002  8.819e+001 -6.772e+000
     263  1.582e+002  8.706e+001 -7.576e+000
     264  1.314e+002  8.522e+001 -8.761e+000
     265  1.055e+002  8.309e+001 -9.914e+000
     266  8.034e+001  8.091e+001 -1.087e+001
     267  5.551e+001  7.874e+001 -1.160e+001
     268  3.089e+001  7.653e+001 -1.216e+001
     269  6.369e+000  7.423e+001 -1.258e+001
     270 -1.809e+001  7.179e+001 -1.292e+001
     271 -4.252e+001  6.914e+001 -1.317e+001
     272 -6.692e+001  6.623e+001 -1.337e+001
     273 -9.129e+001  6.299e+001 -1.354e+001
     274 -1.156e+002  5.938e+001 -1.367e+001
     275 -1.399e+002  5.528e+001 -1.378e+001
     276 -1.641e+002  5.061e+001 -1.388e+001
     277 -1.881e+002  4.517e+001 -1.396e+001
     278 -2.119e+002  3.865e+001 -1.402e+001
     279 -2.353e+002  3.050e+001 -1.408e+001
     280 -2.573e+002  1.934e+001 -1.412e+001
     281 -2.715e+002  2.504e-002 -1.415e+001
     282  7.384e+002  0.000e+000 -5.303e+000
     283  7.221e+002  2.205e+001 -5.259e+000
     284  6.969e+002  3.483e+001 -5.185e+000
     285  6.702e+002  4.410e+001 -5.096e+000
     286  6.430e+002  5.153e+001 -4.992e+000
     287  6.155e+002  5.773e+001 -4.867e+000
     288  5.878e+002  6.306e+001 -4.721e+000
     289  5.600e+002  6.771e+001 -4.546e+000
     290  5.321e+002  7.180e+001 -4.335e+000
     291  5.041e+002  7.545e+001 -4.079e+000
     292  4.761e+002  7.871e+001 -3.765e+000
     293  4.481e+002  8.165e+001 -3.375e+000
     294  4.200e+002  8.433e+001 -2.886e+000
     295  3.918e+002  8.677e+001 -2.268e+000
     296  3.634e+002  8.902e+001 -1.484e+000
     297  3.348e+002  9.111e+001 -5.093e-001
     298  3.058e+002  9.301e+001  6.535e-001
     299  2.762e+002  9.464e+001  1.924e+000
     300  2.461e+002  9.587e+001  3.070e+000
     301  2.154e+002  9.653e+001  3.781e+000
     302  1.846e+002  9.653e+001  3.782e+000
     303  1.540e+002  9.587e+001  3.071e+000
     304  1.238e+002  9.464e+001  1.926e+000
     305  9.427e+001  9.301e+001  6.546e-001
     306  6.525e+001  9.111e+001 -5.083e-001
     307  3.663e+001  8.903e+001 -1.483e+000
     308  8.259e+000  8.677e+001 -2.267e+000
     309 -1.995e+001  8.433e+001 -2.886e+000
     310 -4.806e+001  8.165e+001 -3.374e+000
     311 -7.611e+001  7.872e+001 -3.765e+000
     312 -1.041e+002  7.545e+001 -4.079e+000
     313 -1.320e+002  7.180e+001 -4.334e+000
     314 -1.599e+002  6.771e+001 -4.546e+000
     315 -1.877e+002  6.306e+001 -4.721e+000
     316 -2.154e+002  5.773e+001 -4.867e+000
     317 -2.430e+002  5.153e+001 -4.992e+000
     318 -2.702e+002  4.411e+001 -5.096e+000
     319 -2.969e+002  3.484e+001 -5.185e+000
     320 -3.221e+002  2.206e+001 -5.259e+000
     321 -3.384e+002  2.863e-002 -5.303e+000
     322  8.000e+002  0.000e+000  1.670e+001
     323  7.816e+002  2.458e+001  1.670e+001
     324  7.531e+002  3.877e+001  1.671e+001
     325  7.229e+002  4.906e+001  1.671e+001
     326  6.920e+002  5.723e+001  1.671e+001
     327  6.608e+002  6.404e+001  1.672e+001
     328  6.294e+002  6.984e+001  1.672e+001
     329  5.979e+002  7.484e+001  1.672e+001
     330  5.663e+002  7.921e+001  1.673e+001
     331  5.346e+002  8.300e+001  1.673e+001
     332  5.028e+002  8.632e+001  1.673e+001
     333  4.711e+002  8.921e+001  1.674e+001
     334  4.392e+002  9.171e+001  1.674e+001
     335  4.074e+002  9.384e+001  1.674e+001
     336  3.755e+002  9.563e+001  1.675e+001
     337  3.436e+002  9.709e+001  1.675e+001
     338  3.117e+002  9.825e+001  1.675e+001
     339  2.798e+002  9.911e+001  1.675e+001
     340  2.479e+002  9.968e+001  1.676e+001
     341  2.160e+002  9.996e+001  1.676e+001
     342  1.841e+002  9.996e+001  1.676e+001
     343  1.521e+002  9.968e+001  1.676e+001
     344  1.202e+002  9.911e+001  1.675e+001
     345  8.831e+001  9.825e+001  1.675e+001
     346  5.641e+001  9.709e+001  1.675e+001
     347  2.452e+001  9.563e+001  1.675e+001
     348 -7.352e+000  9.384e+001  1.674e+001
     349 -3.920e+001  9.171e+001  1.674e+001
     350 -7.103e+001  8.922e+001  1.674e+001
     351 -1.028e+002  8.633e+001  1.673e+001
     352 -1.346e+002  8.301e+001  1.673e+001
     353 -1.663e+002  7.921e+001  1.673e+001
     354 -1.979e+002  7.485e+001  1.672e+001
     355 -2.294e+002  6.985e+001  1.672e+001
     356 -2.608e+002  6.405e+001  1.672e+001
     357 -2.920e+002  5.723e+001  1.671e+001
     358 -3.228e+002  4.907e+001  1.671e+001
     359 -3.530e+002  3.879e+001  1.671e+001
     360 -3.816e+002  2.460e+001  1.670e+001
     361 -4.000e+002  3.187e-002  1.670e+001
       1        3        2        1        1
       2        4        3        1        1
       3        5        4        1        1
       4        6        5        1        1
       5        7        6        1        1
       6        8        7        1        1
       7        9        8        1        1
       8       10        9        1        1
       9       11       10        1        1
      10       12       11        1        1
      11       13       12        1        1
      12       14       13        1        1
      13       15       14        1        1
      14       16       15        1        1
      15       17       16        1        1
      16       18       17        1        1
      17       19       18        1        1
      18       20       19        1        1
      19       21       20        1        1
      20       22       21        1        1
      21       23       22        1        1
      22       24       23        1        1
      23       25       24        1        1
      24       26       25        1        1
      25       27       26        1        1
      26       28       27        1        1
      27       29       28        1        1
      28       30       29        1        1
      29       31       30        1        1
      30       32       31        1        1
      31       33       32        1        1
      32       34       33        1        1
      33       35       34        1        1
      34       36       35        1        1
      35       37       36        1        1
      36       38       37        1        1
      37       39       38        1        1
      38       40       39        1        1
      39       41       40        1        1
      40        2        3       43       42
      41        3        4       44       43
      42        4        5       45       44
      43        5        6       46       45
      44        6        7       47       46
      45        7        8       48       47
      46        8        9       49       48
      47        9       10       50       49
      48       10       11       51       50
      49       11       12       52       51
      50       12       13       53       52
      51       13       14       54       53
      52       14       15       55       54
      53       15       16       56       55
      54       16       17       57       56
      55       17       18       58       57
      56       18       19       59       58
      57       19       20       60       59
      58       20       21       61       60
      59       21       22       62       61
      60       22       23       63       62
      61       23       24       64       63
      62       24       25       65       64
      63       25       26       66       65
      64       26       27       67       66
      65       27       28       68       67
      66       28       29       69       68
      67       29       30       70       69
      68       30       31       71       70
      69       31       32       72       71
      70       32       33       73       72
      71       33       34       74       73
      72       34       35       75       74
      73       35       36       76       75
      74       36       37       77       76
      75       37       38       78       77
      76       38       39       79       78
      77       39       40       80       79
      78       40       41       81       80
      79       42       43       83       82
      80       43       44       84       83
      81       44       45       85       84
      82       45       46       86       85
      83       46       47       87       86
      84       47       48       88       87
      85       48       49       89       88
      86       49       50       90       89
      87       50       51       91       90
      88       51       52       92       91
      89       52       53       93       92
      90       53       54       94       93
      91       54       55       95       94
      92       55       56       96       95
      93       56       57       97       96
      94       57       58       98       97
      95       58       59       99       98
      96       59       60      100       99
      97       60       61      101      100
      98       61       62      102      101
      99       62       63      103      102
     100       63       64      104      103
     101       64       65      105      104
     102       65       66      106      105
     103       66       67      107      106
     104       67       68      108      107
     105       68       69      109      108
     106       69       70      110      109
     107       70       71      111      110
     108       71       72      112      111
     109       72       73      113      112
     110       73       74      114      113
     111       74       75      115      114
     112       75       76      116      115
     113       76       77      117      116
     114       77       78      118      117
     115       78       79      119      118
     116       79       80      120      119
     117       80       81      121      120
     118       82       83      123      122
     119       83       84      124      123
     120       84       85      125      124
     121       85       86      126      125
     122       86       87      127      126
     123       87       88      128      127
     124       88       89      129      128
     125       89       90      130      129
     126       90       91      131      130
     127       91       92      132      131
     128       92       93      133      132
     129       93       94      134      133
     130       94       95      135      134
     131       95       96      136      135
     132       96       97      137      136
     133       97       98      138      137
     134       98       99      139      138
     135       99      100      140      139
     136      100      101      141      140
     137      101      102      142      141
     138      102      103      143      142
     139      103      104      144      143
     140      104      105      145      144
     141      105      106      146      145
     142      106      107      147      146
     143      107      108      148      147
     144      108      109      149      148
     145      109      110      150      149
     146      110      111      151      150
     147      111      112      152      151
     148      112      113      153      152
     149      113      114      154      153
     150      114      115      155      154
     151      115      116      156      155
     152      116      117      157      156
     153      117      118      158      157
     154      118      119      159      158
     155      119      120      160      159
     156      120      121      161      160
     157      122      123      163      162
     158      123      124      164      163
     159      124      125      165      164
     160      125      126      166      165
     161      126      127      167      166
     162      127      128      168      167
     163      128      129      169      168
     164      129      130      170      169
     165      130      131      171      170
     166      131      132      172      171
     167      132      133      173      172
     168      133      134      174      173
     169      134      135      175      174
     170      135      136      176      175
     171      136      137      177      176
     172      137      138      178      177
     173      138      139      179      178
     174      139      140      180      179
     175      140      141      181      180
     176      141      142      182      181
     177      142      143      183      182
     178      143      144      184      183
     179      144      145      185      184
     180      145      146      186      185
     181      146      147      187      186
     182      147      148      188      187
     183      148      149      189      188
     184      149      150      190      189
     185      150      151      191      190
     186      151      152      192      191
     187      152      153      193      192
     188      153      154      194      193
     189      154      155      195      194
     190      155      156      196      195
     191      156      157      197      196
     192      157      158      198      197
     193      158      159      199      198
     194      159      160      200      199
     195      160      161      201      200
     196      162      163      203      202
     197      163      164      204      203
     198      164      165      205      204
     199      165      166      206      205
     200      166      167      207      206
     201      167      168      208      207
     202      168      169      209      208
     203      169      170      210      209
     204      170      171      211      210
     205      171      172      212      211
     206      172      173      213      212
     207      173      174      214      213
     208      174      175      215      214
     209      175      176      216      215
     210      176      177      217      216
     211      177      178      218      217
     212      178      179      219      218
     213      179      180      220      219
     214      180      181      221      220
     215      181      182      222      221
     216      182      183      223      222
     217      183      184      224      223
     218      184      185      225      224
     219      185      186      226      225
     220      186      187      227      226
     221      187      188      228      227
     222      188      189      229      228
     223      189      190      230      229
     224      190      191      231      230
     225      191      192      232      231
     226      192      193      233      232
     227      193      194      234      233
     228      194      195      235      234
     229      195      196      236      235
     230      196      197      237      236
     231      197      198      238      237
     232      198      199      239      238
     233      199      200      240      239
     234      200      201      241      240
     235      202      203      243      242
     236      203      204      244      243
     237      204      205      245      244
     238      205      206      246      245
     239      206      207      247      246
     240      207      208      248      247
     241      208      209      249      248
     242      209      210      250      249
     243      210      211      251      250
     244      211      212      252      251
     245      212      213      253      252
     246      213      214      254      253
     247      214      215      255      254
     248      215      216      256      255
     249      216      217      257      256
     250      217      218      258      257
     251      218      219      259      258
     252      219      220      260      259
     253      220      221      261      260
     254      221      222      262      261
     255      222      223      263      262
     256      223      224      264      263
     257      224      225      265      264
     258      225      226      266      265
     259      226      227      267      266
     260      227      228      268      267
     261      228      229      269      268
     262      229      230      270      269
     263      230      231      271      270
     264      231      232      272      271
     265      232      233      273      272
     266      233      234      274      273
     267      234      235      275      274
     268      235      236      276      275
     269      236      237      277      276
     270      237      238      278      277
     271      238      239      279      278
     272      239      240      280      279
     273      240      241      281      280
     274      242      243      283      282
     275      243      244      284      283
     276      244      245      285      284
     277      245      246      286      285
     278      246      247      287      286
     279      247      248      288      287
     280      248      249      289      288
     281      249      250      290      289
     282      250      251      291      290
     283      251      252      292      291
     284      252      253      293      292
     285      253      254      294      293
     286      254      255      295      294
     287      255      256      296      295
     288      256      257      297      296
     289      257      258      298      297
     290      258      259      299      298
     291      259      260      300      299
     292      260      261      301      300
     293      261      262      302      301
     294      262      263      303      302
     295      263      264      304      303
     296      264      265      305      304
     297      265      266      306      305
     298      266      267      307      306
     299      267      268      308      307
     300      268      269      309      308
     301      269      270      310      309
     302      270      271      311      310
     303      271      272      312      311
     304      272      273      313      312
     305      273      274      314      313
     306      274      275      315      314
     307      275      276      316      315
     308      276      277      317      316
     309      277      278      318      317
     310      278      279      319      318
     311      279      280      320      319
     312      280      281      321      320
     313      282      283      323      322
     314      283      284      324      323
     315      284      285      325      324
     316      285      286      326      325
     317      286      287      327      326
     318      287      288      328      327
     319      288      289      329      328
     320      289      290      330      329
     321      290      291      331      330
     322      291      292      332      331
     323      292      293      333      332
     324      293      294      334      333
     325      294      295      335      334
     326      295      296      336      335
     327      296      297      337      336
     328      297      298      338      337
     329      298      299      339      338
     330      299      300      340      339
     331      300      301      341      340
     332      301      302      342      341
     333      302      303      343      342
     334      303      304      344      343
     335      304      305      345      344
     336      305      306      346      345
     337      306      307      347      346
     338      307      308      348      347
     339      308      309      349      348
     340      309      310      350      349
     341      310      311      351      350
     342      311      312      352      351
     343      312      313      353      352
     344      313      314      354      353
     345      314      315      355      354
     346      315      316      356      355
     347      316      317      357      356
     348      317      318      358      357
     349      318      319      359      358
     350      319      320      360      359
     351      320      321      361      360
