JOB WALAS
"nodeElement_walas.wet"
"nodeElement_walas.dry"
"node_walas.modal"
"element_walas.modal"
"element_walas_23Kn.dudx"
"nodeElement_free.wet"
"nodeElement_control.wet"
"slmParam.ini"
383         16.77       1           1           1           0           0           -6          6           0.1         
192.391     0.01        24.258
1.107e+11   2.322e+12   2.433e+12   0           0           0     
0           0           0           0
11.832      1025        9.81        
1           1000.0
1           53          
0.05        0.075       0.1         0.125       0.15        0.175       
0.2         0.225       0.25        0.275       0.3         0.325       
0.35        0.375       0.4         0.425       0.45        0.475       
0.5         0.525       0.55        0.575       0.6         0.625       
0.65        0.675       0.7         0.725       0.75        0.775       
0.8         0.825       0.85        0.875       0.9         0.925       
0.95        0.975       1           1.025       1.05        1.075       
1.1         1.125       1.15        1.175       1.2         1.225       
1.25        1.275       1.3         1.325       1.35        
1           1           
180         
100         
0           0           6           
0           1
0.03        0.03        0.03        0.03        0.01        0.03
0.01        0.01        0.01        0.01        0.01        0.01       
20          
6.633E+06	 10.975 	0.000 	24.258	5.535E+09
9.054E+06	 29.074 	0.000 	24.258	5.535E+09
1.057E+07	 47.598 	0.000 	24.258	5.535E+09
1.110E+07	 68.682 	0.000 	24.258	5.535E+09
1.175E+07	 87.212 	0.000 	24.258	5.535E+09
1.388E+07	 105.843 	0.000 	24.258	5.535E+09
1.560E+07	 125.700 	0.000 	24.258	5.535E+09
1.493E+07	 145.019 	0.000 	24.258	5.535E+09
1.713E+07	 163.971 	0.000 	24.258	5.535E+09
1.752E+07	 183.795 	0.000 	24.258	5.535E+09
1.509E+07	 202.705 	0.000 	24.258	5.535E+09
1.764E+07	 221.614 	0.000 	24.258	5.535E+09
1.735E+07	 241.437 	0.000 	24.258	5.535E+09
1.776E+07	 261.251 	0.000 	24.258	5.535E+09
1.784E+07	 279.133 	0.000 	24.258	5.535E+09
1.397E+07	 299.312 	0.000 	24.258	5.535E+09
1.162E+07	 318.137 	0.000 	24.258	5.535E+09
1.066E+07	 336.625 	0.000 	24.258	5.535E+09
6.993E+06	 356.417 	0.000 	24.258	5.535E+09
2.539E+06	 379.259 	0.000 	24.258	5.535E+09
3           -1
115         0           16         
192         0           16
268         0           16 
SPRING 
0         
1e+06       1e+07       0           0           0           1e+11
RUDDER-PID
0
180.  -10.0    7.0   3.0    3.0    -0.0   -3.0      