NODE    ELEM     MODAL
97       96       6       
       4 -3.670e+002  3.670e+002  3.670e+002 -3.670e+002 -6.417e+002  6.417e+002  6.417e+002 -6.417e+002 -8.674e-006
       5 -6.417e+002  6.417e+002  6.417e+002 -6.417e+002 -9.864e+002  9.864e+002  9.864e+002 -9.864e+002  1.074e-005
       6 -9.864e+002  9.864e+002  9.864e+002 -9.864e+002 -1.397e+003  1.397e+003  1.397e+003 -1.397e+003  3.285e-005
       7 -1.397e+003  1.397e+003  1.397e+003 -1.397e+003 -1.871e+003  1.871e+003  1.871e+003 -1.871e+003  6.171e-005
       8 -1.871e+003  1.871e+003  1.871e+003 -1.871e+003 -2.404e+003  2.404e+003  2.404e+003 -2.404e+003  9.489e-005
       9 -2.404e+003  2.404e+003  2.404e+003 -2.404e+003 -2.992e+003  2.992e+003  2.992e+003 -2.992e+003  1.308e-004
      10 -2.992e+003  2.992e+003  2.992e+003 -2.992e+003 -3.632e+003  3.632e+003  3.632e+003 -3.632e+003  1.794e-004
      11 -3.632e+003  3.632e+003  3.632e+003 -3.632e+003 -4.319e+003  4.319e+003  4.319e+003 -4.319e+003  2.362e-004
      12 -4.319e+003  4.319e+003  4.319e+003 -4.319e+003 -5.052e+003  5.052e+003  5.052e+003 -5.052e+003  2.938e-004
      13 -5.052e+003  5.052e+003  5.052e+003 -5.052e+003 -5.825e+003  5.825e+003  5.825e+003 -5.825e+003  3.452e-004
      14 -5.825e+003  5.825e+003  5.825e+003 -5.825e+003 -6.636e+003  6.636e+003  6.636e+003 -6.636e+003  3.893e-004
      15 -6.636e+003  6.636e+003  6.636e+003 -6.636e+003 -7.480e+003  7.480e+003  7.480e+003 -7.480e+003  4.241e-004
      16 -7.480e+003  7.480e+003  7.480e+003 -7.480e+003 -8.356e+003  8.356e+003  8.356e+003 -8.356e+003  4.514e-004
      17 -8.356e+003  8.356e+003  8.356e+003 -8.356e+003 -9.259e+003  9.259e+003  9.259e+003 -9.259e+003  4.687e-004
      18 -9.259e+003  9.259e+003  9.259e+003 -9.259e+003 -1.019e+004  1.019e+004  1.019e+004 -1.019e+004  4.770e-004
      19 -6.418e+003  6.418e+003  6.418e+003 -6.418e+003 -7.023e+003  7.023e+003  7.023e+003 -7.023e+003  3.550e-004
      20 -7.023e+003  7.023e+003  7.023e+003 -7.023e+003 -7.651e+003  7.651e+003  7.651e+003 -7.651e+003  3.454e-004
      21 -7.651e+003  7.651e+003  7.651e+003 -7.651e+003 -8.299e+003  8.299e+003  8.299e+003 -8.299e+003  3.197e-004
      22 -8.299e+003  8.299e+003  8.299e+003 -8.299e+003 -8.964e+003  8.964e+003  8.964e+003 -8.964e+003  2.830e-004
      23 -8.964e+003  8.964e+003  8.964e+003 -8.964e+003 -9.640e+003  9.640e+003  9.640e+003 -9.640e+003  2.386e-004
      24 -9.640e+003  9.640e+003  9.640e+003 -9.640e+003 -1.032e+004  1.032e+004  1.032e+004 -1.032e+004  1.838e-004
      25 -1.032e+004  1.032e+004  1.032e+004 -1.032e+004 -1.101e+004  1.101e+004  1.101e+004 -1.101e+004  1.325e-004
      26 -1.101e+004  1.101e+004  1.101e+004 -1.101e+004 -1.171e+004  1.171e+004  1.171e+004 -1.171e+004  9.901e-005
      27 -1.171e+004  1.171e+004  1.171e+004 -1.171e+004 -1.239e+004  1.239e+004  1.239e+004 -1.239e+004  9.155e-005
      28 -1.239e+004  1.239e+004  1.239e+004 -1.239e+004 -1.308e+004  1.308e+004  1.308e+004 -1.308e+004  1.010e-004
      29 -1.308e+004  1.308e+004  1.308e+004 -1.308e+004 -1.375e+004  1.375e+004  1.375e+004 -1.375e+004  1.116e-004
      30 -1.375e+004  1.375e+004  1.375e+004 -1.375e+004 -1.442e+004  1.442e+004  1.442e+004 -1.442e+004  1.262e-004
      31 -1.134e+004  1.134e+004  1.134e+004 -1.134e+004 -1.185e+004  1.185e+004  1.185e+004 -1.185e+004  1.205e-004
      32 -1.185e+004  1.185e+004  1.185e+004 -1.185e+004 -1.235e+004  1.235e+004  1.235e+004 -1.235e+004  1.337e-004
      33 -1.235e+004  1.235e+004  1.235e+004 -1.235e+004 -1.284e+004  1.284e+004  1.284e+004 -1.284e+004  1.565e-004
      34 -1.284e+004  1.284e+004  1.284e+004 -1.284e+004 -1.331e+004  1.331e+004  1.331e+004 -1.331e+004  1.874e-004
      35 -1.331e+004  1.331e+004  1.331e+004 -1.331e+004 -1.377e+004  1.377e+004  1.377e+004 -1.377e+004  2.179e-004
      36 -1.377e+004  1.377e+004  1.377e+004 -1.377e+004 -1.421e+004  1.421e+004  1.421e+004 -1.421e+004  2.471e-004
      37 -1.421e+004  1.421e+004  1.421e+004 -1.421e+004 -1.463e+004  1.463e+004  1.463e+004 -1.463e+004  2.744e-004
      38 -1.463e+004  1.463e+004  1.463e+004 -1.463e+004 -1.503e+004  1.503e+004  1.503e+004 -1.503e+004  3.087e-004
      39 -1.503e+004  1.503e+004  1.503e+004 -1.503e+004 -1.541e+004  1.541e+004  1.541e+004 -1.541e+004  3.445e-004
      40 -1.541e+004  1.541e+004  1.541e+004 -1.541e+004 -1.577e+004  1.577e+004  1.577e+004 -1.577e+004  3.744e-004
      41 -1.577e+004  1.577e+004  1.577e+004 -1.577e+004 -1.610e+004  1.610e+004  1.610e+004 -1.610e+004  3.994e-004
      42 -1.610e+004  1.610e+004  1.610e+004 -1.610e+004 -1.641e+004  1.641e+004  1.641e+004 -1.641e+004  4.229e-004
      43 -1.625e+004  1.625e+004  1.625e+004 -1.625e+004 -1.652e+004  1.652e+004  1.652e+004 -1.652e+004  4.447e-004
      44 -1.652e+004  1.652e+004  1.652e+004 -1.652e+004 -1.676e+004  1.676e+004  1.676e+004 -1.676e+004  4.623e-004
      45 -1.676e+004  1.676e+004  1.676e+004 -1.676e+004 -1.695e+004  1.695e+004  1.695e+004 -1.695e+004  4.607e-004
      46 -1.695e+004  1.695e+004  1.695e+004 -1.695e+004 -1.709e+004  1.709e+004  1.709e+004 -1.709e+004  4.189e-004
      47 -1.709e+004  1.709e+004  1.709e+004 -1.709e+004 -1.720e+004  1.720e+004  1.720e+004 -1.720e+004  3.426e-004
      48 -1.720e+004  1.720e+004  1.720e+004 -1.720e+004 -1.725e+004  1.725e+004  1.725e+004 -1.725e+004  2.445e-004
      49 -1.725e+004  1.725e+004  1.725e+004 -1.725e+004 -1.727e+004  1.727e+004  1.727e+004 -1.727e+004  1.398e-004
      50 -1.727e+004  1.727e+004  1.727e+004 -1.727e+004 -1.724e+004  1.724e+004  1.724e+004 -1.724e+004  2.456e-005
      51 -1.724e+004  1.724e+004  1.724e+004 -1.724e+004 -1.717e+004  1.717e+004  1.717e+004 -1.717e+004 -7.823e-005
      52 -1.717e+004  1.717e+004  1.717e+004 -1.717e+004 -1.705e+004  1.705e+004  1.705e+004 -1.705e+004 -1.795e-004
      53 -1.705e+004  1.705e+004  1.705e+004 -1.705e+004 -1.689e+004  1.689e+004  1.689e+004 -1.689e+004 -2.741e-004
      54 -1.689e+004  1.689e+004  1.689e+004 -1.689e+004 -1.668e+004  1.668e+004  1.668e+004 -1.668e+004 -3.522e-004
      55 -1.724e+004  1.724e+004  1.724e+004 -1.724e+004 -1.699e+004  1.699e+004  1.699e+004 -1.699e+004 -4.083e-004
      56 -1.699e+004  1.699e+004  1.699e+004 -1.699e+004 -1.671e+004  1.671e+004  1.671e+004 -1.671e+004 -4.304e-004
      57 -1.671e+004  1.671e+004  1.671e+004 -1.671e+004 -1.640e+004  1.640e+004  1.640e+004 -1.640e+004 -4.384e-004
      58 -1.640e+004  1.640e+004  1.640e+004 -1.640e+004 -1.606e+004  1.606e+004  1.606e+004 -1.606e+004 -4.398e-004
      59 -1.606e+004  1.606e+004  1.606e+004 -1.606e+004 -1.570e+004  1.570e+004  1.570e+004 -1.570e+004 -4.300e-004
      60 -1.570e+004  1.570e+004  1.570e+004 -1.570e+004 -1.531e+004  1.531e+004  1.531e+004 -1.531e+004 -4.101e-004
      61 -1.531e+004  1.531e+004  1.531e+004 -1.531e+004 -1.489e+004  1.489e+004  1.489e+004 -1.489e+004 -3.833e-004
      62 -1.489e+004  1.489e+004  1.489e+004 -1.489e+004 -1.446e+004  1.446e+004  1.446e+004 -1.446e+004 -3.548e-004
      63 -1.446e+004  1.446e+004  1.446e+004 -1.446e+004 -1.400e+004  1.400e+004  1.400e+004 -1.400e+004 -3.260e-004
      64 -1.400e+004  1.400e+004  1.400e+004 -1.400e+004 -1.352e+004  1.352e+004  1.352e+004 -1.352e+004 -3.024e-004
      65 -1.352e+004  1.352e+004  1.352e+004 -1.352e+004 -1.302e+004  1.302e+004  1.302e+004 -1.302e+004 -2.874e-004
      66 -1.302e+004  1.302e+004  1.302e+004 -1.302e+004 -1.250e+004  1.250e+004  1.250e+004 -1.250e+004 -2.742e-004
      67 -1.512e+004  1.512e+004  1.512e+004 -1.512e+004 -1.447e+004  1.447e+004  1.447e+004 -1.447e+004 -2.769e-004
      68 -1.447e+004  1.447e+004  1.447e+004 -1.447e+004 -1.381e+004  1.381e+004  1.381e+004 -1.381e+004 -2.241e-004
      69 -1.381e+004  1.381e+004  1.381e+004 -1.381e+004 -1.313e+004  1.313e+004  1.313e+004 -1.313e+004 -1.641e-004
      70 -1.313e+004  1.313e+004  1.313e+004 -1.313e+004 -1.243e+004  1.243e+004  1.243e+004 -1.243e+004 -1.036e-004
      71 -1.243e+004  1.243e+004  1.243e+004 -1.243e+004 -1.173e+004  1.173e+004  1.173e+004 -1.173e+004 -4.149e-005
      72 -1.173e+004  1.173e+004  1.173e+004 -1.173e+004 -1.102e+004  1.102e+004  1.102e+004 -1.102e+004  3.966e-006
      73 -1.102e+004  1.102e+004  1.102e+004 -1.102e+004 -1.031e+004  1.031e+004  1.031e+004 -1.031e+004  3.782e-005
      74 -1.031e+004  1.031e+004  1.031e+004 -1.031e+004 -9.602e+003  9.602e+003  9.602e+003 -9.602e+003  6.682e-005
      75 -9.602e+003  9.602e+003  9.602e+003 -9.602e+003 -8.904e+003  8.904e+003  8.904e+003 -8.904e+003  8.981e-005
      76 -8.904e+003  8.904e+003  8.904e+003 -8.904e+003 -8.220e+003  8.220e+003  8.220e+003 -8.220e+003  7.070e-005
      77 -8.220e+003  8.220e+003  8.220e+003 -8.220e+003 -7.555e+003  7.555e+003  7.555e+003 -7.555e+003  3.322e-005
      78 -7.555e+003  7.555e+003  7.555e+003 -7.555e+003 -6.913e+003  6.913e+003  6.913e+003 -6.913e+003 -3.981e-005
      79 -1.068e+004  1.068e+004  1.068e+004 -1.068e+004 -9.723e+003  9.723e+003  9.723e+003 -9.723e+003 -1.477e-004
      80 -9.723e+003  9.723e+003  9.723e+003 -9.723e+003 -8.786e+003  8.786e+003  8.786e+003 -8.786e+003 -1.957e-004
      81 -8.786e+003  8.786e+003  8.786e+003 -8.786e+003 -7.875e+003  7.875e+003  7.875e+003 -7.875e+003 -2.525e-004
      82 -7.875e+003  7.875e+003  7.875e+003 -7.875e+003 -6.994e+003  6.994e+003  6.994e+003 -6.994e+003 -3.031e-004
      83 -6.994e+003  6.994e+003  6.994e+003 -6.994e+003 -6.146e+003  6.146e+003  6.146e+003 -6.146e+003 -3.341e-004
      84 -6.146e+003  6.146e+003  6.146e+003 -6.146e+003 -5.336e+003  5.336e+003  5.336e+003 -5.336e+003 -3.458e-004
      85 -5.336e+003  5.336e+003  5.336e+003 -5.336e+003 -4.568e+003  4.568e+003  4.568e+003 -4.568e+003 -3.320e-004
      86 -4.568e+003  4.568e+003  4.568e+003 -4.568e+003 -3.844e+003  3.844e+003  3.844e+003 -3.844e+003 -3.043e-004
      87 -3.844e+003  3.844e+003  3.844e+003 -3.844e+003 -3.170e+003  3.170e+003  3.170e+003 -3.170e+003 -2.607e-004
      88 -3.170e+003  3.170e+003  3.170e+003 -3.170e+003 -2.550e+003  2.550e+003  2.550e+003 -2.550e+003 -2.126e-004
      89 -2.550e+003  2.550e+003  2.550e+003 -2.550e+003 -1.987e+003  1.987e+003  1.987e+003 -1.987e+003 -1.721e-004
      90 -1.987e+003  1.987e+003  1.987e+003 -1.987e+003 -1.485e+003  1.485e+003  1.485e+003 -1.485e+003 -1.351e-004
      91 -1.485e+003  1.485e+003  1.485e+003 -1.485e+003 -1.049e+003  1.049e+003  1.049e+003 -1.049e+003 -1.037e-004
      92 -1.049e+003  1.049e+003  1.049e+003 -1.049e+003 -6.830e+002  6.830e+002  6.830e+002 -6.830e+002 -8.910e-005
      93 -6.830e+002  6.830e+002  6.830e+002 -6.830e+002 -3.910e+002  3.910e+002  3.910e+002 -3.910e+002 -7.714e-005
      94 -3.910e+002  3.910e+002  3.910e+002 -3.910e+002 -1.770e+002  1.770e+002  1.770e+002 -1.770e+002 -5.752e-005
      95 -1.770e+002  1.770e+002  1.770e+002 -1.770e+002 -4.529e+001  4.529e+001  4.529e+001 -4.529e+001 -3.633e-005
      96 -4.529e+001  4.529e+001  4.529e+001 -4.529e+001 -4.002e-009  3.574e-009  4.002e-009 -3.574e-009 -1.377e-005
MODAL No:        8
NODE(ELEM) No             Z1                                  Z2                                 MID
       1 -3.506e-011 -3.492e-010  3.506e-011  3.492e-010  6.763e+001  6.763e+001 -6.763e+001 -6.763e+001  9.944e-008
       2  6.763e+001  6.763e+001 -6.763e+001 -6.763e+001  2.647e+002  2.647e+002 -2.647e+002 -2.647e+002 -2.876e-006
       3  2.647e+002  2.647e+002 -2.647e+002 -2.647e+002  5.855e+002  5.855e+002 -5.855e+002 -5.855e+002 -7.730e-006
       4  5.855e+002  5.855e+002 -5.855e+002 -5.855e+002  1.024e+003  1.024e+003 -1.024e+003 -1.024e+003 -1.697e-005
       5  1.024e+003  1.024e+003 -1.024e+003 -1.024e+003  1.575e+003  1.575e+003 -1.575e+003 -1.575e+003 -3.442e-005
       6  1.575e+003  1.575e+003 -1.575e+003 -1.575e+003  2.232e+003  2.232e+003 -2.232e+003 -2.232e+003 -5.315e-005
       7  2.232e+003  2.232e+003 -2.232e+003 -2.232e+003  2.989e+003  2.989e+003 -2.989e+003 -2.989e+003 -7.618e-005
       8  2.989e+003  2.989e+003 -2.989e+003 -2.989e+003  3.842e+003  3.842e+003 -3.842e+003 -3.842e+003 -1.018e-004
       9  3.842e+003  3.842e+003 -3.842e+003 -3.842e+003  4.783e+003  4.783e+003 -4.783e+003 -4.783e+003 -1.292e-004
      10  4.783e+003  4.783e+003 -4.783e+003 -4.783e+003  5.808e+003  5.808e+003 -5.808e+003 -5.808e+003 -1.648e-004
      11  5.808e+003  5.808e+003 -5.808e+003 -5.808e+003  6.910e+003  6.910e+003 -6.910e+003 -6.910e+003 -2.059e-004
      12  6.910e+003  6.910e+003 -6.910e+003 -6.910e+003  8.084e+003  8.084e+003 -8.084e+003 -8.084e+003 -2.465e-004
      13  8.084e+003  8.084e+003 -8.084e+003 -8.084e+003  9.324e+003  9.324e+003 -9.324e+003 -9.324e+003 -2.822e-004
      14  9.324e+003  9.324e+003 -9.324e+003 -9.324e+003  1.063e+004  1.063e+004 -1.063e+004 -1.063e+004 -3.122e-004
      15  1.063e+004  1.063e+004 -1.063e+004 -1.063e+004  1.198e+004  1.198e+004 -1.198e+004 -1.198e+004 -3.374e-004
      16  1.198e+004  1.198e+004 -1.198e+004 -1.198e+004  1.339e+004  1.339e+004 -1.339e+004 -1.339e+004 -3.584e-004
      17  1.339e+004  1.339e+004 -1.339e+004 -1.339e+004  1.484e+004  1.484e+004 -1.484e+004 -1.484e+004 -3.747e-004
      18  1.484e+004  1.484e+004 -1.484e+004 -1.484e+004  1.633e+004  1.633e+004 -1.633e+004 -1.633e+004 -3.865e-004
      19  1.051e+004  1.051e+004 -1.051e+004 -1.051e+004  1.150e+004  1.150e+004 -1.150e+004 -1.150e+004 -2.948e-004
      20  1.150e+004  1.150e+004 -1.150e+004 -1.150e+004  1.254e+004  1.254e+004 -1.254e+004 -1.254e+004 -2.961e-004
      21  1.254e+004  1.254e+004 -1.254e+004 -1.254e+004  1.360e+004  1.360e+004 -1.360e+004 -1.360e+004 -2.821e-004
      22  1.360e+004  1.360e+004 -1.360e+004 -1.360e+004  1.470e+004  1.470e+004 -1.470e+004 -1.470e+004 -2.565e-004
      23  1.470e+004  1.470e+004 -1.470e+004 -1.470e+004  1.582e+004  1.582e+004 -1.582e+004 -1.582e+004 -2.204e-004
      24  1.582e+004  1.582e+004 -1.582e+004 -1.582e+004  1.695e+004  1.695e+004 -1.695e+004 -1.695e+004 -1.719e-004
      25  1.695e+004  1.695e+004 -1.695e+004 -1.695e+004  1.809e+004  1.809e+004 -1.809e+004 -1.809e+004 -1.240e-004
      26  1.809e+004  1.809e+004 -1.809e+004 -1.809e+004  1.924e+004  1.924e+004 -1.924e+004 -1.924e+004 -8.676e-005
      27  1.924e+004  1.924e+004 -1.924e+004 -1.924e+004  2.038e+004  2.038e+004 -2.038e+004 -2.038e+004 -6.775e-005
      28  2.038e+004  2.038e+004 -2.038e+004 -2.038e+004  2.151e+004  2.151e+004 -2.151e+004 -2.151e+004 -6.425e-005
      29  2.151e+004  2.151e+004 -2.151e+004 -2.151e+004  2.264e+004  2.264e+004 -2.264e+004 -2.264e+004 -6.436e-005
      30  2.264e+004  2.264e+004 -2.264e+004 -2.264e+004  2.374e+004  2.374e+004 -2.374e+004 -2.374e+004 -6.968e-005
      31  1.933e+004  1.933e+004 -1.933e+004 -1.933e+004  2.022e+004  2.022e+004 -2.022e+004 -2.022e+004 -6.438e-005
      32  2.022e+004  2.022e+004 -2.022e+004 -2.022e+004  2.108e+004  2.108e+004 -2.108e+004 -2.108e+004 -7.080e-005
      33  2.108e+004  2.108e+004 -2.108e+004 -2.108e+004  2.192e+004  2.192e+004 -2.192e+004 -2.192e+004 -8.606e-005
      34  2.192e+004  2.192e+004 -2.192e+004 -2.192e+004  2.274e+004  2.274e+004 -2.274e+004 -2.274e+004 -1.095e-004
      35  2.274e+004  2.274e+004 -2.274e+004 -2.274e+004  2.353e+004  2.353e+004 -2.353e+004 -2.353e+004 -1.345e-004
      36  2.353e+004  2.353e+004 -2.353e+004 -2.353e+004  2.429e+004  2.429e+004 -2.429e+004 -2.429e+004 -1.599e-004
      37  2.429e+004  2.429e+004 -2.429e+004 -2.429e+004  2.503e+004  2.503e+004 -2.503e+004 -2.503e+004 -1.839e-004
      38  2.503e+004  2.503e+004 -2.503e+004 -2.503e+004  2.572e+004  2.572e+004 -2.572e+004 -2.572e+004 -2.133e-004
      39  2.572e+004  2.572e+004 -2.572e+004 -2.572e+004  2.638e+004  2.638e+004 -2.638e+004 -2.638e+004 -2.441e-004
      40  2.638e+004  2.638e+004 -2.638e+004 -2.638e+004  2.700e+004  2.700e+004 -2.700e+004 -2.700e+004 -2.708e-004
      41  2.700e+004  2.700e+004 -2.700e+004 -2.700e+004  2.759e+004  2.759e+004 -2.759e+004 -2.759e+004 -2.943e-004
      42  2.759e+004  2.759e+004 -2.759e+004 -2.759e+004  2.813e+004  2.813e+004 -2.813e+004 -2.813e+004 -3.159e-004
      43  2.790e+004  2.790e+004 -2.790e+004 -2.790e+004  2.838e+004  2.838e+004 -2.838e+004 -2.838e+004 -3.366e-004
      44  2.838e+004  2.838e+004 -2.838e+004 -2.838e+004  2.879e+004  2.879e+004 -2.879e+004 -2.879e+004 -3.534e-004
      45  2.879e+004  2.879e+004 -2.879e+004 -2.879e+004  2.912e+004  2.912e+004 -2.912e+004 -2.912e+004 -3.570e-004
      46  2.912e+004  2.912e+004 -2.912e+004 -2.912e+004  2.938e+004  2.938e+004 -2.938e+004 -2.938e+004 -3.310e-004
      47  2.938e+004  2.938e+004 -2.938e+004 -2.938e+004  2.957e+004  2.957e+004 -2.957e+004 -2.957e+004 -2.802e-004
      48  2.957e+004  2.957e+004 -2.957e+004 -2.957e+004  2.968e+004  2.968e+004 -2.968e+004 -2.968e+004 -2.124e-004
      49  2.968e+004  2.968e+004 -2.968e+004 -2.968e+004  2.972e+004  2.972e+004 -2.972e+004 -2.972e+004 -1.395e-004
      50  2.972e+004  2.972e+004 -2.972e+004 -2.972e+004  2.967e+004  2.967e+004 -2.967e+004 -2.967e+004 -5.938e-005
      51  2.967e+004  2.967e+004 -2.967e+004 -2.967e+004  2.956e+004  2.956e+004 -2.956e+004 -2.956e+004  1.073e-005
      52  2.956e+004  2.956e+004 -2.956e+004 -2.956e+004  2.936e+004  2.936e+004 -2.936e+004 -2.936e+004  8.124e-005
      53  2.936e+004  2.936e+004 -2.936e+004 -2.936e+004  2.909e+004  2.909e+004 -2.909e+004 -2.909e+004  1.483e-004
      54  2.909e+004  2.909e+004 -2.909e+004 -2.909e+004  2.875e+004  2.875e+004 -2.875e+004 -2.875e+004  2.057e-004
      55  2.976e+004  2.976e+004 -2.976e+004 -2.976e+004  2.934e+004  2.934e+004 -2.934e+004 -2.934e+004  2.455e-004
      56  2.934e+004  2.934e+004 -2.934e+004 -2.934e+004  2.886e+004  2.886e+004 -2.886e+004 -2.886e+004  2.609e-004
      57  2.886e+004  2.886e+004 -2.886e+004 -2.886e+004  2.834e+004  2.834e+004 -2.834e+004 -2.834e+004  2.658e-004
      58  2.834e+004  2.834e+004 -2.834e+004 -2.834e+004  2.776e+004  2.776e+004 -2.776e+004 -2.776e+004  2.665e-004
      59  2.776e+004  2.776e+004 -2.776e+004 -2.776e+004  2.714e+004  2.714e+004 -2.714e+004 -2.714e+004  2.593e-004
      60  2.714e+004  2.714e+004 -2.714e+004 -2.714e+004  2.648e+004  2.648e+004 -2.648e+004 -2.648e+004  2.464e-004
      61  2.648e+004  2.648e+004 -2.648e+004 -2.648e+004  2.577e+004  2.577e+004 -2.577e+004 -2.577e+004  2.303e-004
      62  2.577e+004  2.577e+004 -2.577e+004 -2.577e+004  2.502e+004  2.502e+004 -2.502e+004 -2.502e+004  2.136e-004
      63  2.502e+004  2.502e+004 -2.502e+004 -2.502e+004  2.423e+004  2.423e+004 -2.423e+004 -2.423e+004  1.977e-004
      64  2.423e+004  2.423e+004 -2.423e+004 -2.423e+004  2.341e+004  2.341e+004 -2.341e+004 -2.341e+004  1.863e-004
      65  2.341e+004  2.341e+004 -2.341e+004 -2.341e+004  2.256e+004  2.256e+004 -2.256e+004 -2.256e+004  1.821e-004
      66  2.256e+004  2.256e+004 -2.256e+004 -2.256e+004  2.167e+004  2.167e+004 -2.167e+004 -2.167e+004  1.799e-004
      67  2.570e+004  2.570e+004 -2.570e+004 -2.570e+004  2.462e+004  2.462e+004 -2.462e+004 -2.462e+004  1.896e-004
      68  2.462e+004  2.462e+004 -2.462e+004 -2.462e+004  2.350e+004  2.350e+004 -2.350e+004 -2.350e+004  1.648e-004
      69  2.350e+004  2.350e+004 -2.350e+004 -2.350e+004  2.235e+004  2.235e+004 -2.235e+004 -2.235e+004  1.401e-004
      70  2.235e+004  2.235e+004 -2.235e+004 -2.235e+004  2.117e+004  2.117e+004 -2.117e+004 -2.117e+004  1.155e-004
      71  2.117e+004  2.117e+004 -2.117e+004 -2.117e+004  1.998e+004  1.998e+004 -1.998e+004 -1.998e+004  8.382e-005
      72  1.998e+004  1.998e+004 -1.998e+004 -1.998e+004  1.878e+004  1.878e+004 -1.878e+004 -1.878e+004  6.342e-005
      73  1.878e+004  1.878e+004 -1.878e+004 -1.878e+004  1.758e+004  1.758e+004 -1.758e+004 -1.758e+004  4.820e-005
      74  1.758e+004  1.758e+004 -1.758e+004 -1.758e+004  1.639e+004  1.639e+004 -1.639e+004 -1.639e+004  3.530e-005
      75  1.639e+004  1.639e+004 -1.639e+004 -1.639e+004  1.520e+004  1.520e+004 -1.520e+004 -1.520e+004  2.736e-005
      76  1.520e+004  1.520e+004 -1.520e+004 -1.520e+004  1.404e+004  1.404e+004 -1.404e+004 -1.404e+004  5.427e-005
      77  1.404e+004  1.404e+004 -1.404e+004 -1.404e+004  1.291e+004  1.291e+004 -1.291e+004 -1.291e+004  9.215e-005
      78  1.291e+004  1.291e+004 -1.291e+004 -1.291e+004  1.182e+004  1.182e+004 -1.182e+004 -1.182e+004  1.548e-004
      79  2.103e+004  2.103e+004 -2.103e+004 -2.103e+004  1.915e+004  1.915e+004 -1.915e+004 -1.915e+004  2.942e-004
      80  1.915e+004  1.915e+004 -1.915e+004 -1.915e+004  1.731e+004  1.731e+004 -1.731e+004 -1.731e+004  3.315e-004
      81  1.731e+004  1.731e+004 -1.731e+004 -1.731e+004  1.552e+004  1.552e+004 -1.552e+004 -1.552e+004  3.727e-004
      82  1.552e+004  1.552e+004 -1.552e+004 -1.552e+004  1.379e+004  1.379e+004 -1.379e+004 -1.379e+004  4.082e-004
      83  1.379e+004  1.379e+004 -1.379e+004 -1.379e+004  1.213e+004  1.213e+004 -1.213e+004 -1.213e+004  4.272e-004
      84  1.213e+004  1.213e+004 -1.213e+004 -1.213e+004  1.053e+004  1.053e+004 -1.053e+004 -1.053e+004  4.306e-004
      85  1.053e+004  1.053e+004 -1.053e+004 -1.053e+004  9.019e+003  9.019e+003 -9.019e+003 -9.019e+003  4.120e-004
      86  9.019e+003  9.019e+003 -9.019e+003 -9.019e+003  7.594e+003  7.594e+003 -7.594e+003 -7.594e+003  3.817e-004
      87  7.594e+003  7.594e+003 -7.594e+003 -7.594e+003  6.266e+003  6.266e+003 -6.266e+003 -6.266e+003  3.386e-004
      88  6.266e+003  6.266e+003 -6.266e+003 -6.266e+003  5.041e+003  5.041e+003 -5.041e+003 -5.041e+003  2.905e-004
      89  5.041e+003  5.041e+003 -5.041e+003 -5.041e+003  3.929e+003  3.929e+003 -3.929e+003 -3.929e+003  2.468e-004
      90  3.929e+003  3.929e+003 -3.929e+003 -3.929e+003  2.938e+003  2.938e+003 -2.938e+003 -2.938e+003  2.059e-004
      91  2.938e+003  2.938e+003 -2.938e+003 -2.938e+003  2.077e+003  2.077e+003 -2.077e+003 -2.077e+003  1.688e-004
      92  2.077e+003  2.077e+003 -2.077e+003 -2.077e+003  1.353e+003  1.353e+003 -1.353e+003 -1.353e+003  1.438e-004
      93  1.353e+003  1.353e+003 -1.353e+003 -1.353e+003  7.745e+002  7.745e+002 -7.745e+002 -7.745e+002  1.195e-004
      94  7.745e+002  7.745e+002 -7.745e+002 -7.745e+002  3.508e+002  3.508e+002 -3.508e+002 -3.508e+002  8.795e-005
      95  3.508e+002  3.508e+002 -3.508e+002 -3.508e+002  8.979e+001  8.979e+001 -8.979e+001 -8.979e+001  5.387e-005
      96  8.979e+001  8.979e+001 -8.979e+001 -8.979e+001 -2.309e-010 -3.775e-010  2.309e-010  3.775e-010  1.939e-005
MODAL No:        9
NODE(ELEM) No             Z1                                  Z2                                 MID
       1 -7.278e-010  6.715e-010  7.278e-010 -6.715e-010 -2.515e+002  2.515e+002  2.515e+002 -2.515e+002  1.560e-006
       2 -2.515e+002  2.515e+002  2.515e+002 -2.515e+002 -9.693e+002  9.693e+002  9.693e+002 -9.693e+002  4.700e-006
       3 -9.693e+002  9.693e+002  9.693e+002 -9.693e+002 -2.116e+003  2.116e+003  2.116e+003 -2.116e+003  7.885e-006
       4 -2.116e+003  2.116e+003  2.116e+003 -2.116e+003 -3.656e+003  3.656e+003  3.656e+003 -3.656e+003  1.078e-005
       5 -3.656e+003  3.656e+003  3.656e+003 -3.656e+003 -5.552e+003  5.552e+003  5.552e+003 -5.552e+003  1.321e-005
       6 -5.552e+003  5.552e+003  5.552e+003 -5.552e+003 -7.767e+003  7.767e+003  7.767e+003 -7.767e+003  1.533e-005
       7 -7.767e+003  7.767e+003  7.767e+003 -7.767e+003 -1.027e+004  1.027e+004  1.027e+004 -1.027e+004  1.703e-005
       8 -1.027e+004  1.027e+004  1.027e+004 -1.027e+004 -1.301e+004  1.301e+004  1.301e+004 -1.301e+004  1.829e-005
       9 -1.301e+004  1.301e+004  1.301e+004 -1.301e+004 -1.597e+004  1.597e+004  1.597e+004 -1.597e+004  1.906e-005
      10 -1.597e+004  1.597e+004  1.597e+004 -1.597e+004 -1.910e+004  1.910e+004  1.910e+004 -1.910e+004  1.956e-005
      11 -1.910e+004  1.910e+004  1.910e+004 -1.910e+004 -2.238e+004  2.238e+004  2.238e+004 -2.238e+004  2.003e-005
      12 -2.238e+004  2.238e+004  2.238e+004 -2.238e+004 -2.577e+004  2.577e+004  2.577e+004 -2.577e+004  2.030e-005
      13 -2.577e+004  2.577e+004  2.577e+004 -2.577e+004 -2.924e+004  2.924e+004  2.924e+004 -2.924e+004  2.038e-005
      14 -2.924e+004  2.924e+004  2.924e+004 -2.924e+004 -3.276e+004  3.276e+004  3.276e+004 -3.276e+004  2.051e-005
      15 -3.276e+004  3.276e+004  3.276e+004 -3.276e+004 -3.629e+004  3.629e+004  3.629e+004 -3.629e+004  2.065e-005
      16 -3.629e+004  3.629e+004  3.629e+004 -3.629e+004 -3.982e+004  3.982e+004  3.982e+004 -3.982e+004  2.082e-005
      17 -3.982e+004  3.982e+004  3.982e+004 -3.982e+004 -4.331e+004  4.331e+004  4.331e+004 -4.331e+004  2.100e-005
      18 -4.331e+004  4.331e+004  4.331e+004 -4.331e+004 -4.675e+004  4.675e+004  4.675e+004 -4.675e+004  2.106e-005
      19 -2.946e+004  2.946e+004  2.946e+004 -2.946e+004 -3.155e+004  3.155e+004  3.155e+004 -3.155e+004  1.536e-005
      20 -3.155e+004  3.155e+004  3.155e+004 -3.155e+004 -3.351e+004  3.351e+004  3.351e+004 -3.351e+004  1.503e-005
      21 -3.351e+004  3.351e+004  3.351e+004 -3.351e+004 -3.532e+004  3.532e+004  3.532e+004 -3.532e+004  1.474e-005
      22 -3.532e+004  3.532e+004  3.532e+004 -3.532e+004 -3.695e+004  3.695e+004  3.695e+004 -3.695e+004  1.445e-005
      23 -3.695e+004  3.695e+004  3.695e+004 -3.695e+004 -3.840e+004  3.840e+004  3.840e+004 -3.840e+004  1.417e-005
      24 -3.840e+004  3.840e+004  3.840e+004 -3.840e+004 -3.963e+004  3.963e+004  3.963e+004 -3.963e+004  1.392e-005
      25 -3.963e+004  3.963e+004  3.963e+004 -3.963e+004 -4.064e+004  4.064e+004  4.064e+004 -4.064e+004  1.329e-005
      26 -4.064e+004  4.064e+004  4.064e+004 -4.064e+004 -4.140e+004  4.140e+004  4.140e+004 -4.140e+004  1.277e-005
      27 -4.140e+004  4.140e+004  4.140e+004 -4.140e+004 -4.192e+004  4.192e+004  4.192e+004 -4.192e+004  1.236e-005
      28 -4.192e+004  4.192e+004  4.192e+004 -4.192e+004 -4.218e+004  4.218e+004  4.218e+004 -4.218e+004  1.179e-005
      29 -4.218e+004  4.218e+004  4.218e+004 -4.218e+004 -4.218e+004  4.218e+004  4.218e+004 -4.218e+004  1.110e-005
      30 -4.218e+004  4.218e+004  4.218e+004 -4.218e+004 -4.191e+004  4.191e+004  4.191e+004 -4.191e+004  1.033e-005
      31 -3.296e+004  3.296e+004  3.296e+004 -3.296e+004 -3.256e+004  3.256e+004  3.256e+004 -3.256e+004  8.854e-006
      32 -3.256e+004  3.256e+004  3.256e+004 -3.256e+004 -3.198e+004  3.198e+004  3.198e+004 -3.198e+004  8.787e-006
      33 -3.198e+004  3.198e+004  3.198e+004 -3.198e+004 -3.123e+004  3.123e+004  3.123e+004 -3.123e+004  8.959e-006
      34 -3.123e+004  3.123e+004  3.123e+004 -3.123e+004 -3.031e+004  3.031e+004  3.031e+004 -3.031e+004  9.252e-006
      35 -3.031e+004  3.031e+004  3.031e+004 -3.031e+004 -2.922e+004  2.922e+004  2.922e+004 -2.922e+004  9.817e-006
      36 -2.922e+004  2.922e+004  2.922e+004 -2.922e+004 -2.798e+004  2.798e+004  2.798e+004 -2.798e+004  1.042e-005
      37 -2.798e+004  2.798e+004  2.798e+004 -2.798e+004 -2.658e+004  2.658e+004  2.658e+004 -2.658e+004  1.094e-005
      38 -2.658e+004  2.658e+004  2.658e+004 -2.658e+004 -2.504e+004  2.504e+004  2.504e+004 -2.504e+004  1.126e-005
      39 -2.504e+004  2.504e+004  2.504e+004 -2.504e+004 -2.335e+004  2.335e+004  2.335e+004 -2.335e+004  1.121e-005
      40 -2.335e+004  2.335e+004  2.335e+004 -2.335e+004 -2.155e+004  2.155e+004  2.155e+004 -2.155e+004  1.101e-005
      41 -2.155e+004  2.155e+004  2.155e+004 -2.155e+004 -1.962e+004  1.962e+004  1.962e+004 -1.962e+004  1.055e-005
      42 -1.962e+004  1.962e+004  1.962e+004 -1.962e+004 -1.758e+004  1.758e+004  1.758e+004 -1.758e+004  9.778e-006
      43 -1.741e+004  1.741e+004  1.741e+004 -1.741e+004 -1.527e+004  1.527e+004  1.527e+004 -1.527e+004  8.276e-006
      44 -1.527e+004  1.527e+004  1.527e+004 -1.527e+004 -1.299e+004  1.299e+004  1.299e+004 -1.299e+004  6.546e-006
      45 -1.299e+004  1.299e+004  1.299e+004 -1.299e+004 -1.060e+004  1.060e+004  1.060e+004 -1.060e+004  4.959e-006
      46 -1.060e+004  1.060e+004  1.060e+004 -1.060e+004 -8.112e+003  8.112e+003  8.112e+003 -8.112e+003  3.189e-006
      47 -8.112e+003  8.112e+003  8.112e+003 -8.112e+003 -5.548e+003  5.548e+003  5.548e+003 -5.548e+003  1.486e-006
      48 -5.548e+003  5.548e+003  5.548e+003 -5.548e+003 -2.930e+003  2.930e+003  2.930e+003 -2.930e+003  7.541e-008
      49 -2.930e+003  2.930e+003  2.930e+003 -2.930e+003 -2.813e+002  2.813e+002  2.813e+002 -2.813e+002 -1.436e-006
      50 -2.813e+002  2.813e+002  2.813e+002 -2.813e+002  2.377e+003 -2.377e+003 -2.377e+003  2.377e+003 -3.252e-006
      51  2.377e+003 -2.377e+003 -2.377e+003  2.377e+003  5.022e+003 -5.022e+003 -5.022e+003  5.022e+003 -5.013e-006
      52  5.022e+003 -5.022e+003 -5.022e+003  5.022e+003  7.632e+003 -7.632e+003 -7.632e+003  7.632e+003 -6.605e-006
      53  7.632e+003 -7.632e+003 -7.632e+003  7.632e+003  1.018e+004 -1.018e+004 -1.018e+004  1.018e+004 -7.777e-006
      54  1.018e+004 -1.018e+004 -1.018e+004  1.018e+004  1.266e+004 -1.266e+004 -1.266e+004  1.266e+004 -8.772e-006
      55  1.308e+004 -1.308e+004 -1.308e+004  1.308e+004  1.556e+004 -1.556e+004 -1.556e+004  1.556e+004 -9.542e-006
      56  1.556e+004 -1.556e+004 -1.556e+004  1.556e+004  1.794e+004 -1.794e+004 -1.794e+004  1.794e+004 -9.943e-006
      57  1.794e+004 -1.794e+004 -1.794e+004  1.794e+004  2.023e+004 -2.023e+004 -2.023e+004  2.023e+004 -1.037e-005
      58  2.023e+004 -2.023e+004 -2.023e+004  2.023e+004  2.240e+004 -2.240e+004 -2.240e+004  2.240e+004 -1.057e-005
      59  2.240e+004 -2.240e+004 -2.240e+004  2.240e+004  2.445e+004 -2.445e+004 -2.445e+004  2.445e+004 -1.048e-005
      60  2.445e+004 -2.445e+004 -2.445e+004  2.445e+004  2.635e+004 -2.635e+004 -2.635e+004  2.635e+004 -1.036e-005
      61  2.635e+004 -2.635e+004 -2.635e+004  2.635e+004  2.811e+004 -2.811e+004 -2.811e+004  2.811e+004 -1.005e-005
      62  2.811e+004 -2.811e+004 -2.811e+004  2.811e+004  2.971e+004 -2.971e+004 -2.971e+004  2.971e+004 -9.830e-006
      63  2.971e+004 -2.971e+004 -2.971e+004  2.971e+004  3.114e+004 -3.114e+004 -3.114e+004  3.114e+004 -9.577e-006
      64  3.114e+004 -3.114e+004 -3.114e+004  3.114e+004  3.240e+004 -3.240e+004 -3.240e+004  3.240e+004 -9.471e-006
      65  3.240e+004 -3.240e+004 -3.240e+004  3.240e+004  3.347e+004 -3.347e+004 -3.347e+004  3.347e+004 -9.615e-006
      66  3.347e+004 -3.347e+004 -3.347e+004  3.347e+004  3.437e+004 -3.437e+004 -3.437e+004  3.437e+004 -9.879e-006
      67  4.155e+004 -4.155e+004 -4.155e+004  4.155e+004  4.235e+004 -4.235e+004 -4.235e+004  4.235e+004 -1.148e-005
      68  4.235e+004 -4.235e+004 -4.235e+004  4.235e+004  4.283e+004 -4.283e+004 -4.283e+004  4.283e+004 -1.137e-005
      69  4.283e+004 -4.283e+004 -4.283e+004  4.283e+004  4.299e+004 -4.299e+004 -4.299e+004  4.299e+004 -1.087e-005
      70  4.299e+004 -4.299e+004 -4.299e+004  4.299e+004  4.283e+004 -4.283e+004 -4.283e+004  4.283e+004 -1.051e-005
      71  4.283e+004 -4.283e+004 -4.283e+004  4.283e+004  4.236e+004 -4.236e+004 -4.236e+004  4.236e+004 -1.074e-005
      72  4.236e+004 -4.236e+004 -4.236e+004  4.236e+004  4.159e+004 -4.159e+004 -4.159e+004  4.159e+004 -1.048e-005
      73  4.159e+004 -4.159e+004 -4.159e+004  4.159e+004  4.054e+004 -4.054e+004 -4.054e+004  4.054e+004 -1.005e-005
      74  4.054e+004 -4.054e+004 -4.054e+004  4.054e+004  3.921e+004 -3.921e+004 -3.921e+004  3.921e+004 -9.703e-006
      75  3.921e+004 -3.921e+004 -3.921e+004  3.921e+004  3.763e+004 -3.763e+004 -3.763e+004  3.763e+004 -9.910e-006
      76  3.763e+004 -3.763e+004 -3.763e+004  3.763e+004  3.582e+004 -3.582e+004 -3.582e+004  3.582e+004 -9.907e-006
      77  3.582e+004 -3.582e+004 -3.582e+004  3.582e+004  3.381e+004 -3.381e+004 -3.381e+004  3.381e+004 -1.013e-005
      78  3.381e+004 -3.381e+004 -3.381e+004  3.381e+004  3.162e+004 -3.162e+004 -3.162e+004  3.162e+004 -1.013e-005
      79  4.887e+004 -4.887e+004 -4.887e+004  4.887e+004  4.534e+004 -4.534e+004 -4.534e+004  4.534e+004 -1.419e-005
      80  4.534e+004 -4.534e+004 -4.534e+004  4.534e+004  4.174e+004 -4.174e+004 -4.174e+004  4.174e+004 -1.416e-005
      81  4.174e+004 -4.174e+004 -4.174e+004  4.174e+004  3.809e+004 -3.809e+004 -3.809e+004  3.809e+004 -1.418e-005
      82  3.809e+004 -3.809e+004 -3.809e+004  3.809e+004  3.442e+004 -3.442e+004 -3.442e+004  3.442e+004 -1.396e-005
      83  3.442e+004 -3.442e+004 -3.442e+004  3.442e+004  3.076e+004 -3.076e+004 -3.076e+004  3.076e+004 -1.389e-005
      84  3.076e+004 -3.076e+004 -3.076e+004  3.076e+004  2.714e+004 -2.714e+004 -2.714e+004  2.714e+004 -1.353e-005
      85  2.714e+004 -2.714e+004 -2.714e+004  2.714e+004  2.360e+004 -2.360e+004 -2.360e+004  2.360e+004 -1.298e-005
      86  2.360e+004 -2.360e+004 -2.360e+004  2.360e+004  2.016e+004 -2.016e+004 -2.016e+004  2.016e+004 -1.249e-005
      87  2.016e+004 -2.016e+004 -2.016e+004  2.016e+004  1.687e+004 -1.687e+004 -1.687e+004  1.687e+004 -1.183e-005
      88  1.687e+004 -1.687e+004 -1.687e+004  1.687e+004  1.375e+004 -1.375e+004 -1.375e+004  1.375e+004 -1.102e-005
      89  1.375e+004 -1.375e+004 -1.375e+004  1.375e+004  1.086e+004 -1.086e+004 -1.086e+004  1.086e+004 -9.933e-006
      90  1.086e+004 -1.086e+004 -1.086e+004  1.086e+004  8.224e+003 -8.224e+003 -8.224e+003  8.224e+003 -8.861e-006
      91  8.224e+003 -8.224e+003 -8.224e+003  8.224e+003  5.883e+003 -5.883e+003 -5.883e+003  5.883e+003 -7.620e-006
      92  5.883e+003 -5.883e+003 -5.883e+003  5.883e+003  3.877e+003 -3.877e+003 -3.877e+003  3.877e+003 -6.546e-006
      93  3.877e+003 -3.877e+003 -3.877e+003  3.877e+003  2.246e+003 -2.246e+003 -2.246e+003  2.246e+003 -5.215e-006
      94  2.246e+003 -2.246e+003 -2.246e+003  2.246e+003  1.029e+003 -1.029e+003 -1.029e+003  1.029e+003 -3.763e-006
      95  1.029e+003 -1.029e+003 -1.029e+003  1.029e+003  2.673e+002 -2.673e+002 -2.673e+002  2.673e+002 -2.371e-006
      96  2.673e+002 -2.673e+002 -2.673e+002  2.673e+002  2.696e-010 -3.877e-010 -2.696e-010  3.877e-010 -8.290e-007
MODAL No:       10
NODE(ELEM) No             Z1                                  Z2                                 MID
       1  4.306e-010  3.380e-010 -4.306e-010 -3.380e-010 -3.878e+002 -3.878e+002  3.878e+002  3.878e+002  1.632e-008
       2 -3.878e+002 -3.878e+002  3.878e+002  3.878e+002 -1.496e+003 -1.496e+003  1.496e+003  1.496e+003  4.567e-008
       3 -1.496e+003 -1.496e+003  1.496e+003  1.496e+003 -3.271e+003 -3.271e+003  3.271e+003  3.271e+003  6.635e-008
       4 -3.271e+003 -3.271e+003  3.271e+003  3.271e+003 -5.657e+003 -5.657e+003  5.657e+003  5.657e+003  7.603e-008
       5 -5.657e+003 -5.657e+003  5.657e+003  5.657e+003 -8.599e+003 -8.599e+003  8.599e+003  8.599e+003  7.270e-008
       6 -8.599e+003 -8.599e+003  8.599e+003  8.599e+003 -1.204e+004 -1.204e+004  1.204e+004  1.204e+004  6.563e-008
       7 -1.204e+004 -1.204e+004  1.204e+004  1.204e+004 -1.593e+004 -1.593e+004  1.593e+004  1.593e+004  5.087e-008
       8 -1.593e+004 -1.593e+004  1.593e+004  1.593e+004 -2.022e+004 -2.022e+004  2.022e+004  2.022e+004  3.083e-008
       9 -2.022e+004 -2.022e+004  2.022e+004  2.022e+004 -2.484e+004 -2.484e+004  2.484e+004  2.484e+004  6.923e-009
      10 -2.484e+004 -2.484e+004  2.484e+004  2.484e+004 -2.976e+004 -2.976e+004  2.976e+004  2.976e+004 -2.988e-008
      11 -2.976e+004 -2.976e+004  2.976e+004  2.976e+004 -3.491e+004 -3.491e+004  3.491e+004  3.491e+004 -7.409e-008
      12 -3.491e+004 -3.491e+004  3.491e+004  3.491e+004 -4.024e+004 -4.024e+004  4.024e+004  4.024e+004 -1.217e-007
      13 -4.024e+004 -4.024e+004  4.024e+004  4.024e+004 -4.572e+004 -4.572e+004  4.572e+004  4.572e+004 -1.653e-007
      14 -4.572e+004 -4.572e+004  4.572e+004  4.572e+004 -5.128e+004 -5.128e+004  5.128e+004  5.128e+004 -2.044e-007
      15 -5.128e+004 -5.128e+004  5.128e+004  5.128e+004 -5.690e+004 -5.690e+004  5.690e+004  5.690e+004 -2.321e-007
      16 -5.690e+004 -5.690e+004  5.690e+004  5.690e+004 -6.252e+004 -6.252e+004  6.252e+004  6.252e+004 -2.516e-007
      17 -6.252e+004 -6.252e+004  6.252e+004  6.252e+004 -6.810e+004 -6.810e+004  6.810e+004  6.810e+004 -2.583e-007
      18 -6.810e+004 -6.810e+004  6.810e+004  6.810e+004 -7.361e+004 -7.361e+004  7.361e+004  7.361e+004 -2.547e-007
      19 -4.735e+004 -4.735e+004  4.735e+004  4.735e+004 -5.079e+004 -5.079e+004  5.079e+004  5.079e+004 -1.772e-007
      20 -5.079e+004 -5.079e+004  5.079e+004  5.079e+004 -5.405e+004 -5.405e+004  5.405e+004  5.405e+004 -1.548e-007
      21 -5.405e+004 -5.405e+004  5.405e+004  5.405e+004 -5.709e+004 -5.709e+004  5.709e+004  5.709e+004 -1.263e-007
      22 -5.709e+004 -5.709e+004  5.709e+004  5.709e+004 -5.987e+004 -5.987e+004  5.987e+004  5.987e+004 -9.610e-008
      23 -5.987e+004 -5.987e+004  5.987e+004  5.987e+004 -6.235e+004 -6.235e+004  6.235e+004  6.235e+004 -6.930e-008
      24 -6.235e+004 -6.235e+004  6.235e+004  6.235e+004 -6.452e+004 -6.452e+004  6.452e+004  6.452e+004 -4.403e-008
      25 -6.452e+004 -6.452e+004  6.452e+004  6.452e+004 -6.633e+004 -6.633e+004  6.633e+004  6.633e+004 -2.604e-008
      26 -6.633e+004 -6.633e+004  6.633e+004  6.633e+004 -6.778e+004 -6.778e+004  6.778e+004  6.778e+004 -2.678e-008
      27 -6.778e+004 -6.778e+004  6.778e+004  6.778e+004 -6.884e+004 -6.884e+004  6.884e+004  6.884e+004 -4.996e-008
      28 -6.884e+004 -6.884e+004  6.884e+004  6.884e+004 -6.949e+004 -6.949e+004  6.949e+004  6.949e+004 -8.112e-008
      29 -6.949e+004 -6.949e+004  6.949e+004  6.949e+004 -6.973e+004 -6.973e+004  6.973e+004  6.973e+004 -1.082e-007
      30 -6.973e+004 -6.973e+004  6.973e+004  6.973e+004 -6.954e+004 -6.954e+004  6.954e+004  6.954e+004 -1.345e-007
      31 -5.664e+004 -5.664e+004  5.664e+004  5.664e+004 -5.616e+004 -5.616e+004  5.616e+004  5.616e+004 -1.358e-007
      32 -5.616e+004 -5.616e+004  5.616e+004  5.616e+004 -5.540e+004 -5.540e+004  5.540e+004  5.540e+004 -1.551e-007
      33 -5.540e+004 -5.540e+004  5.540e+004  5.540e+004 -5.435e+004 -5.435e+004  5.435e+004  5.435e+004 -1.783e-007
      34 -5.435e+004 -5.435e+004  5.435e+004  5.435e+004 -5.301e+004 -5.301e+004  5.301e+004  5.301e+004 -2.030e-007
      35 -5.301e+004 -5.301e+004  5.301e+004  5.301e+004 -5.139e+004 -5.139e+004  5.139e+004  5.139e+004 -2.235e-007
      36 -5.139e+004 -5.139e+004  5.139e+004  5.139e+004 -4.950e+004 -4.950e+004  4.950e+004  4.950e+004 -2.393e-007
      37 -4.950e+004 -4.950e+004  4.950e+004  4.950e+004 -4.735e+004 -4.735e+004  4.735e+004  4.735e+004 -2.539e-007
      38 -4.735e+004 -4.735e+004  4.735e+004  4.735e+004 -4.494e+004 -4.494e+004  4.494e+004  4.494e+004 -2.737e-007
      39 -4.494e+004 -4.494e+004  4.494e+004  4.494e+004 -4.229e+004 -4.229e+004  4.229e+004  4.229e+004 -2.950e-007
      40 -4.229e+004 -4.229e+004  4.229e+004  4.229e+004 -3.942e+004 -3.942e+004  3.942e+004  3.942e+004 -3.112e-007
      41 -3.942e+004 -3.942e+004  3.942e+004  3.942e+004 -3.633e+004 -3.633e+004  3.633e+004  3.633e+004 -3.227e-007
      42 -3.633e+004 -3.633e+004  3.633e+004  3.633e+004 -3.305e+004 -3.305e+004  3.305e+004  3.305e+004 -3.356e-007
      43 -3.278e+004 -3.278e+004  3.278e+004  3.278e+004 -2.930e+004 -2.930e+004  2.930e+004  2.930e+004 -3.475e-007
      44 -2.930e+004 -2.930e+004  2.930e+004  2.930e+004 -2.557e+004 -2.557e+004  2.557e+004  2.557e+004 -3.574e-007
      45 -2.557e+004 -2.557e+004  2.557e+004  2.557e+004 -2.162e+004 -2.162e+004  2.162e+004  2.162e+004 -3.497e-007
      46 -2.162e+004 -2.162e+004  2.162e+004  2.162e+004 -1.748e+004 -1.748e+004  1.748e+004  1.748e+004 -3.095e-007
      47 -1.748e+004 -1.748e+004  1.748e+004  1.748e+004 -1.318e+004 -1.318e+004  1.318e+004  1.318e+004 -2.398e-007
      48 -1.318e+004 -1.318e+004  1.318e+004  1.318e+004 -8.777e+003 -8.777e+003  8.777e+003  8.777e+003 -1.531e-007
      49 -8.777e+003 -8.777e+003  8.777e+003  8.777e+003 -4.292e+003 -4.292e+003  4.292e+003  4.292e+003 -6.131e-008
      50 -4.292e+003 -4.292e+003  4.292e+003  4.292e+003  2.340e+002  2.340e+002 -2.340e+002 -2.340e+002  3.857e-008
      51  2.340e+002  2.340e+002 -2.340e+002 -2.340e+002  4.763e+003  4.763e+003 -4.763e+003 -4.763e+003  1.294e-007
      52  4.763e+003  4.763e+003 -4.763e+003 -4.763e+003  9.257e+003  9.257e+003 -9.257e+003 -9.257e+003  2.158e-007
      53  9.257e+003  9.257e+003 -9.257e+003 -9.257e+003  1.368e+004  1.368e+004 -1.368e+004 -1.368e+004  2.952e-007
      54  1.368e+004  1.368e+004 -1.368e+004 -1.368e+004  1.799e+004  1.799e+004 -1.799e+004 -1.799e+004  3.576e-007
      55  1.862e+004  1.862e+004 -1.862e+004 -1.862e+004  2.297e+004  2.297e+004 -2.297e+004 -2.297e+004  4.063e-007
      56  2.297e+004  2.297e+004 -2.297e+004 -2.297e+004  2.718e+004  2.718e+004 -2.718e+004 -2.718e+004  4.275e-007
      57  2.718e+004  2.718e+004 -2.718e+004 -2.718e+004  3.123e+004  3.123e+004 -3.123e+004 -3.123e+004  4.376e-007
      58  3.123e+004  3.123e+004 -3.123e+004 -3.123e+004  3.511e+004  3.511e+004 -3.511e+004 -3.511e+004  4.421e-007
      59  3.511e+004  3.511e+004 -3.511e+004 -3.511e+004  3.878e+004  3.878e+004 -3.878e+004 -3.878e+004  4.374e-007
      60  3.878e+004  3.878e+004 -3.878e+004 -3.878e+004  4.223e+004  4.223e+004 -4.223e+004 -4.223e+004  4.215e-007
      61  4.223e+004  4.223e+004 -4.223e+004 -4.223e+004  4.543e+004  4.543e+004 -4.543e+004 -4.543e+004  3.969e-007
      62  4.543e+004  4.543e+004 -4.543e+004 -4.543e+004  4.837e+004  4.837e+004 -4.837e+004 -4.837e+004  3.688e-007
      63  4.837e+004  4.837e+004 -4.837e+004 -4.837e+004  5.104e+004  5.104e+004 -5.104e+004 -5.104e+004  3.386e-007
      64  5.104e+004  5.104e+004 -5.104e+004 -5.104e+004  5.341e+004  5.341e+004 -5.341e+004 -5.341e+004  3.109e-007
      65  5.341e+004  5.341e+004 -5.341e+004 -5.341e+004  5.548e+004  5.548e+004 -5.548e+004 -5.548e+004  2.878e-007
      66  5.548e+004  5.548e+004 -5.548e+004 -5.548e+004  5.724e+004  5.724e+004 -5.724e+004 -5.724e+004  2.635e-007
      67  6.788e+004  6.788e+004 -6.788e+004 -6.788e+004  6.951e+004  6.951e+004 -6.951e+004 -6.951e+004  2.514e-007
      68  6.951e+004  6.951e+004 -6.951e+004 -6.951e+004  7.061e+004  7.061e+004 -7.061e+004 -7.061e+004  1.829e-007
      69  7.061e+004  7.061e+004 -7.061e+004 -7.061e+004  7.115e+004  7.115e+004 -7.115e+004 -7.115e+004  9.786e-008
      70  7.115e+004  7.115e+004 -7.115e+004 -7.115e+004  7.116e+004  7.116e+004 -7.116e+004 -7.116e+004  1.138e-008
      71  7.116e+004  7.116e+004 -7.116e+004 -7.116e+004  7.064e+004  7.064e+004 -7.064e+004 -7.064e+004 -6.553e-008
      72  7.064e+004  7.064e+004 -7.064e+004 -7.064e+004  6.960e+004  6.960e+004 -6.960e+004 -6.960e+004 -1.255e-007
      73  6.960e+004  6.960e+004 -6.960e+004 -6.960e+004  6.806e+004  6.806e+004 -6.806e+004 -6.806e+004 -1.699e-007
      74  6.806e+004  6.806e+004 -6.806e+004 -6.806e+004  6.604e+004  6.604e+004 -6.604e+004 -6.604e+004 -2.093e-007
      75  6.604e+004  6.604e+004 -6.604e+004 -6.604e+004  6.358e+004  6.358e+004 -6.358e+004 -6.358e+004 -2.471e-007
      76  6.358e+004  6.358e+004 -6.358e+004 -6.358e+004  6.070e+004  6.070e+004 -6.070e+004 -6.070e+004 -2.584e-007
      77  6.070e+004  6.070e+004 -6.070e+004 -6.070e+004  5.745e+004  5.745e+004 -5.745e+004 -5.745e+004 -2.517e-007
      78  5.745e+004  5.745e+004 -5.745e+004 -5.745e+004  5.387e+004  5.387e+004 -5.387e+004 -5.387e+004 -2.137e-007
      79  9.584e+004  9.584e+004 -9.584e+004 -9.584e+004  8.912e+004  8.912e+004 -8.912e+004 -8.912e+004 -2.482e-007
      80  8.912e+004  8.912e+004 -8.912e+004 -8.912e+004  8.222e+004  8.222e+004 -8.222e+004 -8.222e+004 -2.159e-007
      81  8.222e+004  8.222e+004 -8.222e+004 -8.222e+004  7.520e+004  7.520e+004 -7.520e+004 -7.520e+004 -1.710e-007
      82  7.520e+004  7.520e+004 -7.520e+004 -7.520e+004  6.811e+004  6.811e+004 -6.811e+004 -6.811e+004 -1.281e-007
      83  6.811e+004  6.811e+004 -6.811e+004 -6.811e+004  6.099e+004  6.099e+004 -6.099e+004 -6.099e+004 -9.656e-008
      84  6.099e+004  6.099e+004 -6.099e+004 -6.099e+004  5.393e+004  5.393e+004 -5.393e+004 -5.393e+004 -7.720e-008
      85  5.393e+004  5.393e+004 -5.393e+004 -5.393e+004  4.698e+004  4.698e+004 -4.698e+004 -4.698e+004 -7.117e-008
      86  4.698e+004  4.698e+004 -4.698e+004 -4.698e+004  4.021e+004  4.021e+004 -4.021e+004 -4.021e+004 -7.420e-008
      87  4.021e+004  4.021e+004 -4.021e+004 -4.021e+004  3.371e+004  3.371e+004 -3.371e+004 -3.371e+004 -8.705e-008
      88  3.371e+004  3.371e+004 -3.371e+004 -3.371e+004  2.754e+004  2.754e+004 -2.754e+004 -2.754e+004 -1.001e-007
      89  2.754e+004  2.754e+004 -2.754e+004 -2.754e+004  2.178e+004  2.178e+004 -2.178e+004 -2.178e+004 -1.042e-007
      90  2.178e+004  2.178e+004 -2.178e+004 -2.178e+004  1.652e+004  1.652e+004 -1.652e+004 -1.652e+004 -1.060e-007
      91  1.652e+004  1.652e+004 -1.652e+004 -1.652e+004  1.183e+004  1.183e+004 -1.183e+004 -1.183e+004 -1.025e-007
      92  1.183e+004  1.183e+004 -1.183e+004 -1.183e+004  7.809e+003  7.809e+003 -7.809e+003 -7.809e+003 -8.591e-008
      93  7.809e+003  7.809e+003 -7.809e+003 -7.809e+003  4.530e+003  4.530e+003 -4.530e+003 -4.530e+003 -6.438e-008
      94  4.530e+003  4.530e+003 -4.530e+003 -4.530e+003  2.079e+003  2.079e+003 -2.079e+003 -2.079e+003 -4.575e-008
      95  2.079e+003  2.079e+003 -2.079e+003 -2.079e+003  5.407e+002  5.407e+002 -5.407e+002 -5.407e+002 -2.576e-008
      96  5.407e+002  5.407e+002 -5.407e+002 -5.407e+002  4.704e-010 -3.646e-010 -4.704e-010  3.646e-010 -7.919e-009
MODAL No:       11
NODE(ELEM) No             Z1                                  Z2                                 MID
       1 -2.682e-010  4.315e-010  2.682e-010 -4.315e-010  7.474e+002 -7.474e+002 -7.474e+002  7.474e+002 -7.486e-009
       2  7.474e+002 -7.474e+002 -7.474e+002  7.474e+002  2.835e+003 -2.835e+003 -2.835e+003  2.835e+003 -2.015e-008
       3  2.835e+003 -2.835e+003 -2.835e+003  2.835e+003  6.107e+003 -6.107e+003 -6.107e+003  6.107e+003 -2.907e-008
       4  6.107e+003 -6.107e+003 -6.107e+003  6.107e+003  1.041e+004 -1.041e+004 -1.041e+004  1.041e+004 -3.163e-008
       5  1.041e+004 -1.041e+004 -1.041e+004  1.041e+004  1.559e+004 -1.559e+004 -1.559e+004  1.559e+004 -2.594e-008
       6  1.559e+004 -1.559e+004 -1.559e+004  1.559e+004  2.149e+004 -2.149e+004 -2.149e+004  2.149e+004 -1.815e-008
       7  2.149e+004 -2.149e+004 -2.149e+004  2.149e+004  2.797e+004 -2.797e+004 -2.797e+004  2.797e+004 -5.284e-009
       8  2.797e+004 -2.797e+004 -2.797e+004  2.797e+004  3.487e+004 -3.487e+004 -3.487e+004  3.487e+004  1.093e-008
       9  3.487e+004 -3.487e+004 -3.487e+004  3.487e+004  4.206e+004 -4.206e+004 -4.206e+004  4.206e+004  3.042e-008
      10  4.206e+004 -4.206e+004 -4.206e+004  4.206e+004  4.940e+004 -4.940e+004 -4.940e+004  4.940e+004  5.680e-008
      11  4.940e+004 -4.940e+004 -4.940e+004  4.940e+004  5.676e+004 -5.676e+004 -5.676e+004  5.676e+004  8.832e-008
      12  5.676e+004 -5.676e+004 -5.676e+004  5.676e+004  6.401e+004 -6.401e+004 -6.401e+004  6.401e+004  1.204e-007
      13  6.401e+004 -6.401e+004 -6.401e+004  6.401e+004  7.104e+004 -7.104e+004 -7.104e+004  7.104e+004  1.495e-007
      14  7.104e+004 -7.104e+004 -7.104e+004  7.104e+004  7.775e+004 -7.775e+004 -7.775e+004  7.775e+004  1.746e-007
      15  7.775e+004 -7.775e+004 -7.775e+004  7.775e+004  8.405e+004 -8.405e+004 -8.405e+004  8.405e+004  1.942e-007
      16  8.405e+004 -8.405e+004 -8.405e+004  8.405e+004  8.985e+004 -8.985e+004 -8.985e+004  8.985e+004  2.088e-007
      17  8.985e+004 -8.985e+004 -8.985e+004  8.985e+004  9.510e+004 -9.510e+004 -9.510e+004  9.510e+004  2.173e-007
      18  9.510e+004 -9.510e+004 -9.510e+004  9.510e+004  9.973e+004 -9.973e+004 -9.973e+004  9.973e+004  2.208e-007
      19  6.284e+004 -6.284e+004 -6.284e+004  6.284e+004  6.512e+004 -6.512e+004 -6.512e+004  6.512e+004  1.634e-007
      20  6.512e+004 -6.512e+004 -6.512e+004  6.512e+004  6.651e+004 -6.651e+004 -6.651e+004  6.651e+004  1.576e-007
      21  6.651e+004 -6.651e+004 -6.651e+004  6.651e+004  6.699e+004 -6.699e+004 -6.699e+004  6.699e+004  1.436e-007
      22  6.699e+004 -6.699e+004 -6.699e+004  6.699e+004  6.655e+004 -6.655e+004 -6.655e+004  6.655e+004  1.240e-007
      23  6.655e+004 -6.655e+004 -6.655e+004  6.655e+004  6.519e+004 -6.519e+004 -6.519e+004  6.519e+004  1.005e-007
      24  6.519e+004 -6.519e+004 -6.519e+004  6.519e+004  6.293e+004 -6.293e+004 -6.293e+004  6.293e+004  7.244e-008
      25  6.293e+004 -6.293e+004 -6.293e+004  6.293e+004  5.979e+004 -5.979e+004 -5.979e+004  5.979e+004  4.707e-008
      26  5.979e+004 -5.979e+004 -5.979e+004  5.979e+004  5.581e+004 -5.581e+004 -5.581e+004  5.581e+004  3.103e-008
      27  5.581e+004 -5.581e+004 -5.581e+004  5.581e+004  5.105e+004 -5.105e+004 -5.105e+004  5.105e+004  2.859e-008
      28  5.105e+004 -5.105e+004 -5.105e+004  5.105e+004  4.555e+004 -4.555e+004 -4.555e+004  4.555e+004  3.466e-008
      29  4.555e+004 -4.555e+004 -4.555e+004  4.555e+004  3.940e+004 -3.940e+004 -3.940e+004  3.940e+004  4.083e-008
      30  3.940e+004 -3.940e+004 -3.940e+004  3.940e+004  3.266e+004 -3.266e+004 -3.266e+004  3.266e+004  4.891e-008
      31  2.569e+004 -2.569e+004 -2.569e+004  2.569e+004  2.002e+004 -2.002e+004 -2.002e+004  2.002e+004  4.692e-008
      32  2.002e+004 -2.002e+004 -2.002e+004  2.002e+004  1.409e+004 -1.409e+004 -1.409e+004  1.409e+004  5.211e-008
      33  1.409e+004 -1.409e+004 -1.409e+004  1.409e+004  7.957e+003 -7.957e+003 -7.957e+003  7.957e+003  6.143e-008
      34  7.957e+003 -7.957e+003 -7.957e+003  7.957e+003  1.673e+003 -1.673e+003 -1.673e+003  1.673e+003  7.433e-008
      35  1.673e+003 -1.673e+003 -1.673e+003  1.673e+003 -4.695e+003  4.695e+003  4.695e+003 -4.695e+003  8.644e-008
      36 -4.695e+003  4.695e+003  4.695e+003 -4.695e+003 -1.108e+004  1.108e+004  1.108e+004 -1.108e+004  9.781e-008
      37 -1.108e+004  1.108e+004  1.108e+004 -1.108e+004 -1.743e+004  1.743e+004  1.743e+004 -1.743e+004  1.087e-007
      38 -1.743e+004  1.743e+004  1.743e+004 -1.743e+004 -2.367e+004  2.367e+004  2.367e+004 -2.367e+004  1.237e-007
      39 -2.367e+004  2.367e+004  2.367e+004 -2.367e+004 -2.975e+004  2.975e+004  2.975e+004 -2.975e+004  1.410e-007
      40 -2.975e+004  2.975e+004  2.975e+004 -2.975e+004 -3.561e+004  3.561e+004  3.561e+004 -3.561e+004  1.553e-007
      41 -3.561e+004  3.561e+004  3.561e+004 -3.561e+004 -4.120e+004  4.120e+004  4.120e+004 -4.120e+004  1.680e-007
      42 -4.120e+004  4.120e+004  4.120e+004 -4.120e+004 -4.647e+004  4.647e+004  4.647e+004 -4.647e+004  1.807e-007
      43 -4.602e+004  4.602e+004  4.602e+004 -4.602e+004 -5.074e+004  5.074e+004  5.074e+004 -5.074e+004  1.938e-007
      44 -5.074e+004  5.074e+004  5.074e+004 -5.074e+004 -5.481e+004  5.481e+004  5.481e+004 -5.481e+004  2.055e-007
      45 -5.481e+004  5.481e+004  5.481e+004 -5.481e+004 -5.817e+004  5.817e+004  5.817e+004 -5.817e+004  2.066e-007
      46 -5.817e+004  5.817e+004  5.817e+004 -5.817e+004 -6.076e+004  6.076e+004  6.076e+004 -6.076e+004  1.874e-007
      47 -6.076e+004  6.076e+004  6.076e+004 -6.076e+004 -6.256e+004  6.256e+004  6.256e+004 -6.256e+004  1.506e-007
      48 -6.256e+004  6.256e+004  6.256e+004 -6.256e+004 -6.353e+004  6.353e+004  6.353e+004 -6.353e+004  1.025e-007
      49 -6.353e+004  6.353e+004  6.353e+004 -6.353e+004 -6.367e+004  6.367e+004  6.367e+004 -6.367e+004  5.149e-008
      50 -6.367e+004  6.367e+004  6.367e+004 -6.367e+004 -6.297e+004  6.297e+004  6.297e+004 -6.297e+004 -5.066e-009
      51 -6.297e+004  6.297e+004  6.297e+004 -6.297e+004 -6.143e+004  6.143e+004  6.143e+004 -6.143e+004 -5.606e-008
      52 -6.143e+004  6.143e+004  6.143e+004 -6.143e+004 -5.907e+004  5.907e+004  5.907e+004 -5.907e+004 -1.069e-007
      53 -5.907e+004  5.907e+004  5.907e+004 -5.907e+004 -5.592e+004  5.592e+004  5.592e+004 -5.592e+004 -1.548e-007
      54 -5.592e+004  5.592e+004  5.592e+004 -5.592e+004 -5.203e+004  5.203e+004  5.203e+004 -5.203e+004 -1.930e-007
      55 -5.376e+004  5.376e+004  5.376e+004 -5.376e+004 -4.911e+004  4.911e+004  4.911e+004 -4.911e+004 -2.194e-007
      56 -4.911e+004  4.911e+004  4.911e+004 -4.911e+004 -4.398e+004  4.398e+004  4.398e+004 -4.398e+004 -2.280e-007
      57 -4.398e+004  4.398e+004  4.398e+004 -4.398e+004 -3.843e+004  3.843e+004  3.843e+004 -3.843e+004 -2.288e-007
      58 -3.843e+004  3.843e+004  3.843e+004 -3.843e+004 -3.251e+004  3.251e+004  3.251e+004 -3.251e+004 -2.264e-007
      59 -3.251e+004  3.251e+004  3.251e+004 -3.251e+004 -2.628e+004  2.628e+004  2.628e+004 -2.628e+004 -2.187e-007
      60 -2.628e+004  2.628e+004  2.628e+004 -2.628e+004 -1.981e+004  1.981e+004  1.981e+004 -1.981e+004 -2.047e-007
      61 -1.981e+004  1.981e+004  1.981e+004 -1.981e+004 -1.316e+004  1.316e+004  1.316e+004 -1.316e+004 -1.877e-007
      62 -1.316e+004  1.316e+004  1.316e+004 -1.316e+004 -6.390e+003  6.390e+003  6.390e+003 -6.390e+003 -1.691e-007
      63 -6.390e+003  6.390e+003  6.390e+003 -6.390e+003  4.163e+002 -4.163e+002 -4.163e+002  4.163e+002 -1.504e-007
      64  4.163e+002 -4.163e+002 -4.163e+002  4.163e+002  7.193e+003 -7.193e+003 -7.193e+003  7.193e+003 -1.338e-007
      65  7.193e+003 -7.193e+003 -7.193e+003  7.193e+003  1.387e+004 -1.387e+004 -1.387e+004  1.387e+004 -1.211e-007
      66  1.387e+004 -1.387e+004 -1.387e+004  1.387e+004  2.037e+004 -2.037e+004 -2.037e+004  2.037e+004 -1.091e-007
      67  2.463e+004 -2.463e+004 -2.463e+004  2.463e+004  3.214e+004 -3.214e+004 -3.214e+004  3.214e+004 -1.008e-007
      68  3.214e+004 -3.214e+004 -3.214e+004  3.214e+004  3.912e+004 -3.912e+004 -3.912e+004  3.912e+004 -6.835e-008
      69  3.912e+004 -3.912e+004 -3.912e+004  3.912e+004  4.548e+004 -4.548e+004 -4.548e+004  4.548e+004 -3.355e-008
      70  4.548e+004 -4.548e+004 -4.548e+004  4.548e+004  5.111e+004 -5.111e+004 -5.111e+004  5.111e+004  1.425e-009
      71  5.111e+004 -5.111e+004 -5.111e+004  5.111e+004  5.593e+004 -5.593e+004 -5.593e+004  5.593e+004  3.841e-008
      72  5.593e+004 -5.593e+004 -5.593e+004  5.593e+004  5.987e+004 -5.987e+004 -5.987e+004  5.987e+004  6.583e-008
      73  5.987e+004 -5.987e+004 -5.987e+004  5.987e+004  6.287e+004 -6.287e+004 -6.287e+004  6.287e+004  8.595e-008
      74  6.287e+004 -6.287e+004 -6.287e+004  6.287e+004  6.487e+004 -6.487e+004 -6.487e+004  6.487e+004  1.018e-007
      75  6.487e+004 -6.487e+004 -6.487e+004  6.487e+004  6.586e+004 -6.586e+004 -6.586e+004  6.586e+004  1.156e-007
      76  6.586e+004 -6.586e+004 -6.586e+004  6.586e+004  6.582e+004 -6.582e+004 -6.582e+004  6.582e+004  1.063e-007
      77  6.582e+004 -6.582e+004 -6.582e+004  6.582e+004  6.474e+004 -6.474e+004 -6.474e+004  6.474e+004  8.638e-008
      78  6.474e+004 -6.474e+004 -6.474e+004  6.474e+004  6.264e+004 -6.264e+004 -6.264e+004  6.264e+004  4.621e-008
      79  9.680e+004 -9.680e+004 -9.680e+004  9.680e+004  9.246e+004 -9.246e+004 -9.246e+004  9.246e+004  1.465e-008
      80  9.246e+004 -9.246e+004 -9.246e+004  9.246e+004  8.751e+004 -8.751e+004 -8.751e+004  8.751e+004 -1.209e-008
      81  8.751e+004 -8.751e+004 -8.751e+004  8.751e+004  8.199e+004 -8.199e+004 -8.199e+004  8.199e+004 -4.386e-008
      82  8.199e+004 -8.199e+004 -8.199e+004  8.199e+004  7.596e+004 -7.596e+004 -7.596e+004  7.596e+004 -7.225e-008
      83  7.596e+004 -7.596e+004 -7.596e+004  7.596e+004  6.950e+004 -6.950e+004 -6.950e+004  6.950e+004 -9.056e-008
      84  6.950e+004 -6.950e+004 -6.950e+004  6.950e+004  6.270e+004 -6.270e+004 -6.270e+004  6.270e+004 -9.879e-008
      85  6.270e+004 -6.270e+004 -6.270e+004  6.270e+004  5.567e+004 -5.567e+004 -5.567e+004  5.567e+004 -9.500e-008
      86  5.567e+004 -5.567e+004 -5.567e+004  5.567e+004  4.851e+004 -4.851e+004 -4.851e+004  4.851e+004 -8.364e-008
      87  4.851e+004 -4.851e+004 -4.851e+004  4.851e+004  4.135e+004 -4.135e+004 -4.135e+004  4.135e+004 -6.502e-008
      88  4.135e+004 -4.135e+004 -4.135e+004  4.135e+004  3.431e+004 -3.431e+004 -3.431e+004  3.431e+004 -4.475e-008
      89  3.431e+004 -3.431e+004 -3.431e+004  3.431e+004  2.755e+004 -2.755e+004 -2.755e+004  2.755e+004 -3.000e-008
      90  2.755e+004 -2.755e+004 -2.755e+004  2.755e+004  2.119e+004 -2.119e+004 -2.119e+004  2.119e+004 -1.699e-008
      91  2.119e+004 -2.119e+004 -2.119e+004  2.119e+004  1.538e+004 -1.538e+004 -1.538e+004  1.538e+004 -7.363e-009
      92  1.538e+004 -1.538e+004 -1.538e+004  1.538e+004  1.028e+004 -1.028e+004 -1.028e+004  1.028e+004 -7.151e-009
      93  1.028e+004 -1.028e+004 -1.028e+004  1.028e+004  6.034e+003 -6.034e+003 -6.034e+003  6.034e+003 -8.927e-009
      94  6.034e+003 -6.034e+003 -6.034e+003  6.034e+003  2.803e+003 -2.803e+003 -2.803e+003  2.803e+003 -7.299e-009
      95  2.803e+003 -2.803e+003 -2.803e+003  2.803e+003  7.395e+002 -7.395e+002 -7.395e+002  7.395e+002 -5.198e-009
      96  7.395e+002 -7.395e+002 -7.395e+002  7.395e+002 -1.186e-009  1.290e-009  1.186e-009 -1.290e-009 -2.383e-009
MODAL No:       12
NODE(ELEM) No             Z1                                  Z2                                 MID
       1 -1.911e-009 -1.932e-009  1.911e-009  1.932e-009  1.160e+003  1.160e+003 -1.160e+003 -1.160e+003 -2.846e-006
       2  1.160e+003  1.160e+003 -1.160e+003 -1.160e+003  4.412e+003  4.412e+003 -4.412e+003 -4.412e+003 -8.383e-006
       3  4.412e+003  4.412e+003 -4.412e+003 -4.412e+003  9.527e+003  9.527e+003 -9.527e+003 -9.527e+003 -1.322e-005
       4  9.527e+003  9.527e+003 -9.527e+003 -9.527e+003  1.628e+004  1.628e+004 -1.628e+004 -1.628e+004 -1.690e-005
       5  1.628e+004  1.628e+004 -1.628e+004 -1.628e+004  2.443e+004  2.443e+004 -2.443e+004 -2.443e+004 -1.941e-005
       6  2.443e+004  2.443e+004 -2.443e+004 -2.443e+004  3.376e+004  3.376e+004 -3.376e+004 -3.376e+004 -2.128e-005
       7  3.376e+004  3.376e+004 -3.376e+004 -3.376e+004  4.404e+004  4.404e+004 -4.404e+004 -4.404e+004 -2.246e-005
       8  4.404e+004  4.404e+004 -4.404e+004 -4.404e+004  5.505e+004  5.505e+004 -5.505e+004 -5.505e+004 -2.287e-005
       9  5.505e+004  5.505e+004 -5.505e+004 -5.505e+004  6.659e+004  6.659e+004 -6.659e+004 -6.659e+004 -2.267e-005
      10  6.659e+004  6.659e+004 -6.659e+004 -6.659e+004  7.843e+004  7.843e+004 -7.843e+004 -7.843e+004 -2.164e-005
      11  7.843e+004  7.843e+004 -7.843e+004 -7.843e+004  9.038e+004  9.038e+004 -9.038e+004 -9.038e+004 -2.021e-005
      12  9.038e+004  9.038e+004 -9.038e+004 -9.038e+004  1.022e+005  1.022e+005 -1.022e+005 -1.022e+005 -1.833e-005
      13  1.022e+005  1.022e+005 -1.022e+005 -1.022e+005  1.139e+005  1.139e+005 -1.139e+005 -1.139e+005 -1.639e-005
      14  1.139e+005  1.139e+005 -1.139e+005 -1.139e+005  1.251e+005  1.251e+005 -1.251e+005 -1.251e+005 -1.482e-005
      15  1.251e+005  1.251e+005 -1.251e+005 -1.251e+005  1.357e+005  1.357e+005 -1.357e+005 -1.357e+005 -1.420e-005
      16  1.357e+005  1.357e+005 -1.357e+005 -1.357e+005  1.457e+005  1.457e+005 -1.457e+005 -1.457e+005 -1.421e-005
      17  1.457e+005  1.457e+005 -1.457e+005 -1.457e+005  1.548e+005  1.548e+005 -1.548e+005 -1.548e+005 -1.512e-005
      18  1.548e+005  1.548e+005 -1.548e+005 -1.548e+005  1.631e+005  1.631e+005 -1.631e+005 -1.631e+005 -1.662e-005
      19  1.049e+005  1.049e+005 -1.049e+005 -1.049e+005  1.092e+005  1.092e+005 -1.092e+005 -1.092e+005 -1.414e-005
      20  1.092e+005  1.092e+005 -1.092e+005 -1.092e+005  1.122e+005  1.122e+005 -1.122e+005 -1.122e+005 -1.641e-005
      21  1.122e+005  1.122e+005 -1.122e+005 -1.122e+005  1.138e+005  1.138e+005 -1.138e+005 -1.138e+005 -1.832e-005
      22  1.138e+005  1.138e+005 -1.138e+005 -1.138e+005  1.139e+005  1.139e+005 -1.139e+005 -1.139e+005 -1.983e-005
      23  1.139e+005  1.139e+005 -1.139e+005 -1.139e+005  1.126e+005  1.126e+005 -1.126e+005 -1.126e+005 -2.083e-005
      24  1.126e+005  1.126e+005 -1.126e+005 -1.126e+005  1.098e+005  1.098e+005 -1.098e+005 -1.098e+005 -2.127e-005
      25  1.098e+005  1.098e+005 -1.098e+005 -1.098e+005  1.056e+005  1.056e+005 -1.056e+005 -1.056e+005 -2.086e-005
      26  1.056e+005  1.056e+005 -1.056e+005 -1.056e+005  1.000e+005  1.000e+005 -1.000e+005 -1.000e+005 -1.977e-005
      27  1.000e+005  1.000e+005 -1.000e+005 -1.000e+005  9.314e+004  9.314e+004 -9.314e+004 -9.314e+004 -1.792e-005
      28  9.314e+004  9.314e+004 -9.314e+004 -9.314e+004  8.501e+004  8.501e+004 -8.501e+004 -8.501e+004 -1.607e-005
      29  8.501e+004  8.501e+004 -8.501e+004 -8.501e+004  7.575e+004  7.575e+004 -7.575e+004 -7.575e+004 -1.462e-005
      30  7.575e+004  7.575e+004 -7.575e+004 -7.575e+004  6.545e+004  6.545e+004 -6.545e+004 -6.545e+004 -1.343e-005
      31  5.331e+004  5.331e+004 -5.331e+004 -5.331e+004  4.425e+004  4.425e+004 -4.425e+004 -4.425e+004 -1.141e-005
      32  4.425e+004  4.425e+004 -4.425e+004 -4.425e+004  3.467e+004  3.467e+004 -3.467e+004 -3.467e+004 -1.138e-005
      33  3.467e+004  3.467e+004 -3.467e+004 -3.467e+004  2.466e+004  2.466e+004 -2.466e+004 -2.466e+004 -1.186e-005
      34  2.466e+004  2.466e+004 -2.466e+004 -2.466e+004  1.432e+004  1.432e+004 -1.432e+004 -1.432e+004 -1.266e-005
      35  1.432e+004  1.432e+004 -1.432e+004 -1.432e+004  3.753e+003  3.753e+003 -3.753e+003 -3.753e+003 -1.400e-005
      36  3.753e+003  3.753e+003 -3.753e+003 -3.753e+003 -6.945e+003 -6.945e+003  6.945e+003  6.945e+003 -1.555e-005
      37 -6.945e+003 -6.945e+003  6.945e+003  6.945e+003 -1.767e+004 -1.767e+004  1.767e+004  1.767e+004 -1.697e-005
      38 -1.767e+004 -1.767e+004  1.767e+004  1.767e+004 -2.831e+004 -2.831e+004  2.831e+004  2.831e+004 -1.792e-005
      39 -2.831e+004 -2.831e+004  2.831e+004  2.831e+004 -3.879e+004 -3.879e+004  3.879e+004  3.879e+004 -1.851e-005
      40 -3.879e+004 -3.879e+004  3.879e+004  3.879e+004 -4.898e+004 -4.898e+004  4.898e+004  4.898e+004 -1.908e-005
      41 -4.898e+004 -4.898e+004  4.898e+004  4.898e+004 -5.881e+004 -5.881e+004  5.881e+004  5.881e+004 -1.944e-005
      42 -5.881e+004 -5.881e+004  5.881e+004  5.881e+004 -6.819e+004 -6.819e+004  6.819e+004  6.819e+004 -1.917e-005
      43 -6.764e+004 -6.764e+004  6.764e+004  6.764e+004 -7.622e+004 -7.622e+004  7.622e+004  7.622e+004 -1.793e-005
      44 -7.622e+004 -7.622e+004  7.622e+004  7.622e+004 -8.382e+004 -8.382e+004  8.382e+004  8.382e+004 -1.587e-005
      45 -8.382e+004 -8.382e+004  8.382e+004  8.382e+004 -9.034e+004 -9.034e+004  9.034e+004  9.034e+004 -1.401e-005
      46 -9.034e+004 -9.034e+004  9.034e+004  9.034e+004 -9.567e+004 -9.567e+004  9.567e+004  9.567e+004 -1.244e-005
      47 -9.567e+004 -9.567e+004  9.567e+004  9.567e+004 -9.975e+004 -9.975e+004  9.975e+004  9.975e+004 -1.138e-005
      48 -9.975e+004 -9.975e+004  9.975e+004  9.975e+004 -1.025e+005 -1.025e+005  1.025e+005  1.025e+005 -1.060e-005
      49 -1.025e+005 -1.025e+005  1.025e+005  1.025e+005 -1.039e+005 -1.039e+005  1.039e+005  1.039e+005 -9.630e-006
      50 -1.039e+005 -1.039e+005  1.039e+005  1.039e+005 -1.039e+005 -1.039e+005  1.039e+005  1.039e+005 -8.939e-006
      51 -1.039e+005 -1.039e+005  1.039e+005  1.039e+005 -1.026e+005 -1.026e+005  1.026e+005  1.026e+005 -8.746e-006
      52 -1.026e+005 -1.026e+005  1.026e+005  1.026e+005 -9.984e+004 -9.984e+004  9.984e+004  9.984e+004 -8.763e-006
      53 -9.984e+004 -9.984e+004  9.984e+004  9.984e+004 -9.577e+004 -9.577e+004  9.577e+004  9.577e+004 -8.702e-006
      54 -9.577e+004 -9.577e+004  9.577e+004  9.577e+004 -9.039e+004 -9.039e+004  9.039e+004  9.039e+004 -7.800e-006
      55 -9.357e+004 -9.357e+004  9.357e+004  9.357e+004 -8.691e+004 -8.691e+004  8.691e+004  8.691e+004 -6.893e-006
      56 -8.691e+004 -8.691e+004  8.691e+004  8.691e+004 -7.941e+004 -7.941e+004  7.941e+004  7.941e+004 -5.640e-006
      57 -7.941e+004 -7.941e+004  7.941e+004  7.941e+004 -7.114e+004 -7.114e+004  7.114e+004  7.114e+004 -3.969e-006
      58 -7.114e+004 -7.114e+004  7.114e+004  7.114e+004 -6.218e+004 -6.218e+004  6.218e+004  6.218e+004 -2.264e-006
      59 -6.218e+004 -6.218e+004  6.218e+004  6.218e+004 -5.261e+004 -5.261e+004  5.261e+004  5.261e+004 -6.411e-007
      60 -5.261e+004 -5.261e+004  5.261e+004  5.261e+004 -4.255e+004 -4.255e+004  4.255e+004  4.255e+004  1.626e-006
      61 -4.255e+004 -4.255e+004  4.255e+004  4.255e+004 -3.208e+004 -3.208e+004  3.208e+004  3.208e+004  3.909e-006
      62 -3.208e+004 -3.208e+004  3.208e+004  3.208e+004 -2.133e+004 -2.133e+004  2.133e+004  2.133e+004  6.288e-006
      63 -2.133e+004 -2.133e+004  2.133e+004  2.133e+004 -1.040e+004 -1.040e+004  1.040e+004  1.040e+004  8.545e-006
      64 -1.040e+004 -1.040e+004  1.040e+004  1.040e+004  5.895e+002  5.895e+002 -5.895e+002 -5.895e+002  1.089e-005
      65  5.895e+002  5.895e+002 -5.895e+002 -5.895e+002  1.152e+004  1.152e+004 -1.152e+004 -1.152e+004  1.335e-005
      66  1.152e+004  1.152e+004 -1.152e+004 -1.152e+004  2.228e+004  2.228e+004 -2.228e+004 -2.228e+004  1.578e-005
      67  2.642e+004  2.642e+004 -2.642e+004 -2.642e+004  3.875e+004  3.875e+004 -3.875e+004 -3.875e+004  2.089e-005
      68  3.875e+004  3.875e+004 -3.875e+004 -3.875e+004  5.041e+004  5.041e+004 -5.041e+004 -5.041e+004  2.415e-005
      69  5.041e+004  5.041e+004 -5.041e+004 -5.041e+004  6.121e+004  6.121e+004 -6.121e+004 -6.121e+004  2.800e-005
      70  6.121e+004  6.121e+004 -6.121e+004 -6.121e+004  7.097e+004  7.097e+004 -7.097e+004 -7.097e+004  3.245e-005
      71  7.097e+004  7.097e+004 -7.097e+004 -7.097e+004  7.955e+004  7.955e+004 -7.955e+004 -7.955e+004  3.705e-005
      72  7.955e+004  7.955e+004 -7.955e+004 -7.955e+004  8.681e+004  8.681e+004 -8.681e+004 -8.681e+004  4.084e-005
      73  8.681e+004  8.681e+004 -8.681e+004 -8.681e+004  9.261e+004  9.261e+004 -9.261e+004 -9.261e+004  4.311e-005
      74  9.261e+004  9.261e+004 -9.261e+004 -9.261e+004  9.687e+004  9.687e+004 -9.687e+004 -9.687e+004  4.452e-005
      75  9.687e+004  9.687e+004 -9.687e+004 -9.687e+004  9.950e+004  9.950e+004 -9.950e+004 -9.950e+004  4.604e-005
      76  9.950e+004  9.950e+004 -9.950e+004 -9.950e+004  1.004e+005  1.004e+005 -1.004e+005 -1.004e+005  4.713e-005
      77  1.004e+005  1.004e+005 -1.004e+005 -1.004e+005  9.967e+004  9.967e+004 -9.967e+004 -9.967e+004  4.720e-005
      78  9.967e+004  9.967e+004 -9.967e+004 -9.967e+004  9.717e+004  9.717e+004 -9.717e+004 -9.717e+004  4.575e-005
      79  1.729e+005  1.729e+005 -1.729e+005 -1.729e+005  1.662e+005  1.662e+005 -1.662e+005 -1.662e+005  6.221e-005
      80  1.662e+005  1.662e+005 -1.662e+005 -1.662e+005  1.583e+005  1.583e+005 -1.583e+005 -1.583e+005  6.044e-005
      81  1.583e+005  1.583e+005 -1.583e+005 -1.583e+005  1.492e+005  1.492e+005 -1.492e+005 -1.492e+005  5.820e-005
      82  1.492e+005  1.492e+005 -1.492e+005 -1.492e+005  1.390e+005  1.390e+005 -1.390e+005 -1.390e+005  5.573e-005
      83  1.390e+005  1.390e+005 -1.390e+005 -1.390e+005  1.279e+005  1.279e+005 -1.279e+005 -1.279e+005  5.364e-005
      84  1.279e+005  1.279e+005 -1.279e+005 -1.279e+005  1.160e+005  1.160e+005 -1.160e+005 -1.160e+005  5.147e-005
      85  1.160e+005  1.160e+005 -1.160e+005 -1.160e+005  1.034e+005  1.034e+005 -1.034e+005 -1.034e+005  4.889e-005
      86  1.034e+005  1.034e+005 -1.034e+005 -1.034e+005  9.052e+004  9.052e+004 -9.052e+004 -9.052e+004  4.629e-005
      87  9.052e+004  9.052e+004 -9.052e+004 -9.052e+004  7.746e+004  7.746e+004 -7.746e+004 -7.746e+004  4.361e-005
      88  7.746e+004  7.746e+004 -7.746e+004 -7.746e+004  6.452e+004  6.452e+004 -6.452e+004 -6.452e+004  4.070e-005
      89  6.452e+004  6.452e+004 -6.452e+004 -6.452e+004  5.197e+004  5.197e+004 -5.197e+004 -5.197e+004  3.710e-005
      90  5.197e+004  5.197e+004 -5.197e+004 -5.197e+004  4.010e+004  4.010e+004 -4.010e+004 -4.010e+004  3.349e-005
      91  4.010e+004  4.010e+004 -4.010e+004 -4.010e+004  2.919e+004  2.919e+004 -2.919e+004 -2.919e+004  2.943e-005
      92  2.919e+004  2.919e+004 -2.919e+004 -2.919e+004  1.956e+004  1.956e+004 -1.956e+004 -1.956e+004  2.504e-005
      93  1.956e+004  1.956e+004 -1.956e+004 -1.956e+004  1.151e+004  1.151e+004 -1.151e+004 -1.151e+004  1.995e-005
      94  1.151e+004  1.151e+004 -1.151e+004 -1.151e+004  5.359e+003  5.359e+003 -5.359e+003 -5.359e+003  1.442e-005
      95  5.359e+003  5.359e+003 -5.359e+003 -5.359e+003  1.418e+003  1.418e+003 -1.418e+003 -1.418e+003  8.704e-006
      96  1.418e+003  1.418e+003 -1.418e+003 -1.418e+003 -1.661e-009  6.052e-011  1.661e-009 -6.052e-011  2.915e-006
      96  1.418e+003  1.418e+003 -1.418e+003 -1.418e+003 -1.661e-009  6.052e-011  1.661e-009 -6.052e-011  2.915e-006
      96  1.418e+003  1.418e+003 -1.418e+003 -1.418e+003 -1.661e-009  6.052e-011  1.661e-009 -6.052e-011  2.915e-006
      96  1.418e+003  1.418e+003 -1.418e+003 -1.418e+003 -1.661e-009  6.052e-011  1.661e-009 -6.052e-011  2.915e-006
      96  1.418e+003  1.418e+003 -1.418e+003 -1.418e+003 -1.661e-009  6.052e-011  1.661e-009 -6.052e-011  2.915e-006
      96  1.418e+003  1.418e+003 -1.418e+003 -1.418e+003 -1.661e-009  6.052e-011  1.661e-009 -6.052e-011  2.915e-006
      96  1.418e+003  1.418e+003 -1.418e+003 -1.418e+003 -1.661e-009  6.052e-011  1.661e-009 -6.052e-011  2.915e-006
      96  1.418e+003  1.418e+003 -1.418e+003 -1.418e+003 -1.661e-009  6.052e-011  1.661e-009 -6.052e-011  2.915e-006
      96  1.418e+003  1.418e+003 -1.418e+003 -1.418e+003 -1.661e-009  6.052e-011  1.661e-009 -6.052e-011  2.915e-006
      96  1.418e+003  1.418e+003 -1.418e+003 -1.418e+003 -1.661e-009  6.052e-011  1.661e-009 -6.052e-011  2.915e-006
      96  1.418e+003  1.418e+003 -1.418e+003 -1.418e+003 -1.661e-009  6.052e-011  1.661e-009 -6.052e-011  2.915e-006
      96  1.418e+003  1.418e+003 -1.418e+003 -1.418e+003 -1.661e-009  6.052e-011  1.661e-009 -6.052e-011  2.915e-006
