20
"B01"
0           2          62.832 
3        1200     800     900
10          
0           0           
0           0           
0           0           
0           0           
0           0           
0           0           
0           0           
0           0           
0           0           
0           0
"B02"
0           2         31.416
3        1500     1000     1100
10          
0           0           
0           0           
0           0           
0           0           
0           0           
0           0           
0           0           
0           0           
0           0           
0           0
"B03"
0           2         20.944  
2        800     650     750
10          
0           0           
0           0           
0           0           
0           0           
0           0           
0           0           
0           0           
0           0           
0           0           
0           0
"B04"
0           2         15.708 
1.5        600     500     580
10          
0           0           
0           0           
0           0           
0           0           
0           0           
0           0           
0           0           
0           0           
0           0           
0           0
"B05"
0           2         12.566  
1        400     350     390
10          
0           0           
0           0           
0           0           
0           0           
0           0           
0           0           
0           0           
0           0           
0           0           
0           0
"B06"
0           2         10.472  
1        400     350     390
10          
0           0           
0           0           
0           0           
0           0           
0           0           
0           0           
0           0           
0           0           
0           0           
0           0
"B07"
0           2         8.976  
0.9        360     300     350
10          
0           0           
0           0           
0           0           
0           0           
0           0           
0           0           
0           0           
0           0           
0           0           
0           0
"B08"
0           2         7.854  
0.7        280     240     270
10          
0           0           
0           0           
0           0           
0           0           
0           0           
0           0           
0           0           
0           0           
0           0           
0           0
"B09"
0           2         6.981  
0.6        240     200     230
10          
0           0           
0           0           
0           0           
0           0           
0           0           
0           0           
0           0           
0           0           
0           0           
0           0
"B10"
0           2         6.283  
0.5        200     150     190
10          
0           0           
0           0           
0           0           
0           0           
0           0           
0           0           
0           0           
0           0           
0           0           
0           0
"B11"
0           2         5.712  
0.4        160     130     150
10          
0           0           
0           0           
0           0           
0           0           
0           0           
0           0           
0           0           
0           0           
0           0           
0           0
"B12"
0           2         5.236  
0.4        160     130     150
10          
0           0           
0           0           
0           0           
0           0           
0           0           
0           0           
0           0           
0           0           
0           0           
0           0
"B13"
0           2         4.833  
0.4       160     130     150
10          
0           0           
0           0           
0           0           
0           0           
0           0           
0           0           
0           0           
0           0           
0           0           
0           0
"B14"
0           2         4.488  
0.4        160     130     150
10          
0           0           
0           0           
0           0           
0           0           
0           0           
0           0           
0           0           
0           0           
0           0           
0           0
"B15"
0           2         4.189
0.4        160     130     150
10          
0           0           
0           0           
0           0           
0           0           
0           0           
0           0           
0           0           
0           0           
0           0           
0           0
"B16"
0           2         3.927  
0.3        160     130     150
10          
0           0           
0           0           
0           0           
0           0           
0           0           
0           0           
0           0           
0           0           
0           0           
0           0
"B17"
0           2         3.696  
0.3        160     130     150
10          
0           0           
0           0           
0           0           
0           0           
0           0           
0           0           
0           0           
0           0           
0           0           
0           0
"B18"
0           2         3.491  
0.3        160     130     150
10          
0           0           
0           0           
0           0           
0           0           
0           0           
0           0           
0           0           
0           0           
0           0           
0           0
"B19"
0           2         3.307  
0.3        160     130     150
10          
0           0           
0           0           
0           0           
0           0           
0           0           
0           0           
0           0           
0           0           
0           0           
0           0
"B20"
0           2         3.142  
0.3        160     130     150
10          
0           0           
0           0           
0           0           
0           0           
0           0           
0           0           
0           0           
0           0           
0           0           
0           0
