JOB WALAS
"ship1_nodeElement.wet"
"ship1_nodeElement.dry"
"ship1_node.modal"
"ship1_element.modal"
"ship1_element.dudx"
"ship1_nodeElement_free.wet"
"ship1_nodeElement_control.wet"
"ship1_nodeElement_slmParam.ini"
124.5       4.97        1           1           1           0           0           -4          4           0.05        
59.4487     0           6.26        
1.552E+08   3.85E+09    3.85E+09    0           -3.196E+07  0           0          
0           0           6.26        0           
0           1025        9.81        1500.
1           1000.0
1           39          
0.1         0.15        0.2         0.25        0.3         0.35        
0.4         0.45        0.5         0.55        0.6         0.65        
0.7         0.75        0.8         0.85        0.9         0.95        
1           1.05        1.1         1.15        1.2         1.25        
1.3         1.35        1.4         1.45        1.5         1.55        
1.6         1.65        1.7         1.75        1.8         1.85        
1.9         1.95        2           
1           7           
0           30          60          90          120         150         
180         
100         
0           0           6           
0           1
0           0           0.05        0.147       0.05        0           
0.01        0.01        0.01        0.01        0.01        0.01        
21          
4.890E+04   1.232E+02   0.000E+00   7.200E+00   1.629E+06   0.000E+00   0.000E+00   
6.549E+04   1.169E+02   0.000E+00   7.200E+00   2.182E+06   0.000E+00   0.000E+00   
8.207E+04   1.107E+02   0.000E+00   7.200E+00   2.734E+06   0.000E+00   0.000E+00   
2.188E+05   1.045E+02   0.000E+00   6.450E+00   7.288E+06   0.000E+00   0.000E+00   
2.085E+05   9.826E+01   0.000E+00   6.450E+00   6.948E+06   0.000E+00   0.000E+00   
2.131E+05   9.203E+01   0.000E+00   6.450E+00   7.100E+06   0.000E+00   0.000E+00   
2.094E+05   8.581E+01   0.000E+00   6.930E+00   6.975E+06   0.000E+00   0.000E+00   
2.962E+05   7.958E+01   0.000E+00   6.930E+00   9.867E+06   0.000E+00   0.000E+00   
3.802E+05   7.336E+01   0.000E+00   6.050E+00   1.267E+07   0.000E+00   0.000E+00   
3.358E+05   6.714E+01   0.000E+00   6.050E+00   1.119E+07   0.000E+00   0.000E+00   
3.662E+05   6.091E+01   0.000E+00   6.050E+00   1.220E+07   0.000E+00   0.000E+00   
3.024E+05   5.469E+01   0.000E+00   5.990E+00   1.008E+07   0.000E+00   0.000E+00   
3.366E+05   4.846E+01   0.000E+00   5.990E+00   1.121E+07   0.000E+00   0.000E+00   
2.349E+05   4.223E+01   0.000E+00   5.990E+00   7.826E+06   0.000E+00   0.000E+00   
3.032E+05   3.601E+01   0.000E+00   6.080E+00   1.010E+07   0.000E+00   0.000E+00   
4.270E+05   2.979E+01   0.000E+00   6.080E+00   1.422E+07   0.000E+00   0.000E+00   
1.756E+05   2.356E+01   0.000E+00   6.080E+00   5.852E+06   0.000E+00   0.000E+00   
1.978E+05   1.734E+01   0.000E+00   6.080E+00   6.589E+06   0.000E+00   0.000E+00   
1.451E+05   1.111E+01   0.000E+00   6.080E+00   4.833E+06   0.000E+00   0.000E+00   
7.297E+04   4.885E+00   0.000E+00   6.080E+00   2.431E+06   0.000E+00   0.000E+00   
2.120E+04   -1.340E+00  0.000E+00   6.080E+00   7.063E+05   0.000E+00   0.000E+00   
22          1          
0.000E+00   0.000E+00   6.260E+00   0           
6.225E+00   0.000E+00   6.260E+00   0           
1.245E+01   0.000E+00   6.260E+00   0           
1.868E+01   0.000E+00   6.260E+00   0           
2.490E+01   0.000E+00   6.260E+00   0           
3.113E+01   0.000E+00   6.260E+00   0           
3.735E+01   0.000E+00   6.260E+00   0           
4.358E+01   0.000E+00   6.260E+00   0           
4.980E+01   0.000E+00   6.260E+00   0           
5.602E+01   0.000E+00   6.260E+00   0           
6.225E+01   0.000E+00   6.260E+00   0           
6.847E+01   0.000E+00   6.260E+00   0           
7.470E+01   0.000E+00   6.260E+00   0           
8.092E+01   0.000E+00   6.260E+00   0           
8.715E+01   0.000E+00   6.260E+00   0           
9.338E+01   0.000E+00   6.260E+00   0           
9.960E+01   0.000E+00   6.260E+00   0           
1.058E+02   0.000E+00   6.260E+00   0           
1.120E+02   0.000E+00   6.260E+00   0           
1.183E+02   0.000E+00   6.260E+00   0           
-5.000E+00  0.000E+00   6.260E+00   0           
1.250E+02   0.000E+00   6.260E+00   0           
SPRING
0         
1E+06       1E+06       0           0           0           1E+08       
RUDDER-PID
0      
8           2           2           3           3           -3          -3         
SECOND-ORDER-FORCE
0           0           0           
0           0           
IRREGULAR-FREQUENCY
0           
AUTO-FREE-CONTROL
1           1           
STABILITY-CORRECTION
-0.486      0          
