ELEM      MODAL
50          12
MODAL No:        1
ELEM No      SA1         SA2         SA3         SA4         SB1         SB2         SB3         SB4       AXIAL
       1  4.327e-010  4.327e-010  4.327e-010  4.327e-010 -3.284e-010 -3.284e-010 -3.284e-010 -3.284e-010 -1.369e-008
       2 -1.916e-010 -1.916e-010 -1.916e-010 -1.916e-010 -1.163e-009 -1.163e-009 -1.163e-009 -1.163e-009  1.369e-008
       3 -1.010e-009 -1.010e-009 -1.010e-009 -1.010e-009 -3.256e-010 -3.256e-010 -3.256e-010 -3.256e-010 -6.846e-009
       4  1.519e-009  1.519e-009  1.519e-009  1.519e-009  5.631e-010  5.631e-010  5.631e-010  5.631e-010 -1.369e-008
       5 -1.014e-009 -1.014e-009 -1.014e-009 -1.014e-009 -4.606e-010 -4.606e-010 -4.606e-010 -4.606e-010 -1.369e-008
       6  4.842e-010  4.842e-010  4.842e-010  4.842e-010 -8.553e-011 -8.553e-011 -8.553e-011 -8.553e-011 -2.054e-008
       7 -4.865e-009 -4.865e-009 -4.865e-009 -4.865e-009 -3.621e-009 -3.621e-009 -3.621e-009 -3.621e-009 -3.423e-008
       8 -3.672e-009 -3.672e-009 -3.672e-009 -3.672e-009 -2.997e-009 -2.997e-009 -2.997e-009 -2.997e-009 -2.054e-008
       9 -3.128e-009 -3.128e-009 -3.128e-009 -3.128e-009 -3.112e-009 -3.112e-009 -3.112e-009 -3.112e-009  0.000e+000
      10 -3.991e-009 -3.991e-009 -3.991e-009 -3.991e-009 -3.457e-009 -3.457e-009 -3.457e-009 -3.457e-009  0.000e+000
      11 -2.560e-009 -2.560e-009 -2.560e-009 -2.560e-009 -2.183e-009 -2.183e-009 -2.183e-009 -2.183e-009 -2.054e-008
      12 -1.919e-009 -1.919e-009 -1.919e-009 -1.919e-009 -3.127e-009 -3.127e-009 -3.127e-009 -3.127e-009  6.846e-009
      13 -3.175e-009 -3.175e-009 -3.175e-009 -3.175e-009 -1.050e-009 -1.050e-009 -1.050e-009 -1.050e-009 -6.846e-009
      14 -1.527e-009 -1.527e-009 -1.527e-009 -1.527e-009 -2.306e-009 -2.306e-009 -2.306e-009 -2.306e-009  4.108e-008
      15 -1.006e-009 -1.006e-009 -1.006e-009 -1.006e-009 -1.502e-009 -1.502e-009 -1.502e-009 -1.502e-009  3.423e-008
      16 -1.305e-009 -1.305e-009 -1.305e-009 -1.305e-009 -1.194e-009 -1.194e-009 -1.194e-009 -1.194e-009  1.369e-008
      17 -8.867e-010 -8.867e-010 -8.867e-010 -8.867e-010 -7.481e-010 -7.481e-010 -7.481e-010 -7.481e-010  5.078e-008
      18 -7.015e-010 -7.015e-010 -7.015e-010 -7.015e-010 -4.081e-010 -4.081e-010 -4.081e-010 -4.081e-010  2.308e-008
      19 -1.695e-010 -1.695e-010 -1.695e-010 -1.695e-010 -1.352e-010 -1.352e-010 -1.352e-010 -1.352e-010  2.308e-008
      20 -1.522e-009 -1.522e-009 -1.522e-009 -1.522e-009 -8.120e-010 -8.120e-010 -8.120e-010 -8.120e-010  1.846e-008
      21 -3.468e-010 -3.468e-010 -3.468e-010 -3.468e-010 -1.095e-009 -1.095e-009 -1.095e-009 -1.095e-009  0.000e+000
      22 -1.021e-009 -1.021e-009 -1.021e-009 -1.021e-009 -1.369e-009 -1.369e-009 -1.369e-009 -1.369e-009  4.616e-008
      23  4.389e-011  4.389e-011  4.389e-011  4.389e-011  5.703e-010  5.703e-010  5.703e-010  5.703e-010  1.385e-008
      24 -6.687e-010 -6.687e-010 -6.687e-010 -6.687e-010 -1.004e-009 -1.004e-009 -1.004e-009 -1.004e-009  4.616e-009
      25 -1.417e-009 -1.417e-009 -1.417e-009 -1.417e-009  1.975e-010  1.975e-010  1.975e-010  1.975e-010 -4.616e-009
      26  6.854e-010  6.854e-010  6.854e-010  6.854e-010 -1.429e-009 -1.429e-009 -1.429e-009 -1.429e-009  3.231e-008
      27 -6.766e-010 -6.766e-010 -6.766e-010 -6.766e-010 -4.296e-010 -4.296e-010 -4.296e-010 -4.296e-010 -1.385e-008
      28 -9.227e-010 -9.227e-010 -9.227e-010 -9.227e-010 -2.483e-010 -2.483e-010 -2.483e-010 -2.483e-010  2.770e-008
      29 -5.386e-010 -5.386e-010 -5.386e-010 -5.386e-010 -2.888e-010 -2.888e-010 -2.888e-010 -2.888e-010 -4.616e-009
      30 -1.956e-010 -1.956e-010 -1.956e-010 -1.956e-010 -3.537e-010 -3.537e-010 -3.537e-010 -3.537e-010  9.232e-009
      31 -1.084e-009 -1.084e-009 -1.084e-009 -1.084e-009 -2.402e-010 -2.402e-010 -2.402e-010 -2.402e-010 -1.385e-008
      32 -6.727e-010 -6.727e-010 -6.727e-010 -6.727e-010 -5.105e-010 -5.105e-010 -5.105e-010 -5.105e-010  1.846e-008
      33 -5.351e-010 -5.351e-010 -5.351e-010 -5.351e-010 -2.560e-010 -2.560e-010 -2.560e-010 -2.560e-010  5.418e-009
      34 -6.093e-010 -6.093e-010 -6.093e-010 -6.093e-010 -1.431e-010 -1.431e-010 -1.431e-010 -1.431e-010 -5.418e-009
      35  7.743e-011  7.743e-011  7.743e-011  7.743e-011  3.045e-010  3.045e-010  3.045e-010  3.045e-010 -5.418e-009
      36  6.746e-010  6.746e-010  6.746e-010  6.746e-010 -6.170e-010 -6.170e-010 -6.170e-010 -6.170e-010  0.000e+000
      37 -1.098e-009 -1.098e-009 -1.098e-009 -1.098e-009  5.187e-010  5.187e-010  5.187e-010  5.187e-010 -1.625e-008
      38 -3.821e-011 -3.821e-011 -3.821e-011 -3.821e-011 -5.282e-010 -5.282e-010 -5.282e-010 -5.282e-010 -2.709e-008
      39  7.059e-010  7.059e-010  7.059e-010  7.059e-010 -9.431e-011 -9.431e-011 -9.431e-011 -9.431e-011  1.436e-008
      40 -3.713e-010 -3.713e-010 -3.713e-010 -3.713e-010 -7.999e-010 -7.999e-010 -7.999e-010 -7.999e-010  2.873e-008
      41 -6.577e-010 -6.577e-010 -6.577e-010 -6.577e-010  6.393e-011  6.393e-011  6.393e-011  6.393e-011 -2.154e-008
      42 -5.146e-010 -5.146e-010 -5.146e-010 -5.146e-010 -8.647e-010 -8.647e-010 -8.647e-010 -8.647e-010 -7.181e-009
      43 -1.385e-010 -1.385e-010 -1.385e-010 -1.385e-010  5.571e-010  5.571e-010  5.571e-010  5.571e-010 -1.436e-008
      44 -1.456e-009 -1.456e-009 -1.456e-009 -1.456e-009 -1.266e-009 -1.266e-009 -1.266e-009 -1.266e-009  1.436e-008
      45 -1.932e-011 -1.932e-011 -1.932e-011 -1.932e-011  2.294e-010  2.294e-010  2.294e-010  2.294e-010 -4.552e-008
      46 -1.648e-010 -1.648e-010 -1.648e-010 -1.648e-010 -4.989e-010 -4.989e-010 -4.989e-010 -4.989e-010 -2.023e-008
      47 -6.381e-010 -6.381e-010 -6.381e-010 -6.381e-010 -3.074e-011 -3.074e-011 -3.074e-011 -3.074e-011  0.000e+000
      48  8.748e-010  8.748e-010  8.748e-010  8.748e-010 -2.644e-011 -2.644e-011 -2.644e-011 -2.644e-011 -2.023e-008
      49 -4.367e-010 -4.367e-010 -4.367e-010 -4.367e-010  6.903e-010  6.903e-010  6.903e-010  6.903e-010 -5.058e-009
      50 -7.414e-010 -7.414e-010 -7.414e-010 -7.414e-010 -6.079e-010 -6.079e-010 -6.079e-010 -6.079e-010 -2.529e-008
MODAL No:        2
ELEM No      SA1         SA2         SA3         SA4         SB1         SB2         SB3         SB4       AXIAL
       1  2.207e-009  2.207e-009  2.207e-009  2.207e-009  9.368e-010  9.368e-010  9.368e-010  9.368e-010 -9.895e-010
       2 -3.581e-010 -3.581e-010 -3.581e-010 -3.581e-010 -1.415e-009 -1.415e-009 -1.415e-009 -1.415e-009  4.226e-009
       3 -8.624e-010 -8.624e-010 -8.624e-010 -8.624e-010 -3.140e-010 -3.140e-010 -3.140e-010 -3.140e-010 -5.991e-009
       4 -1.174e-009 -1.174e-009 -1.174e-009 -1.174e-009 -2.526e-009 -2.526e-009 -2.526e-009 -2.526e-009  6.686e-010
       5 -7.199e-010 -7.199e-010 -7.199e-010 -7.199e-010 -1.274e-009 -1.274e-009 -1.274e-009 -1.274e-009  2.728e-009
       6 -2.090e-009 -2.090e-009 -2.090e-009 -2.090e-009 -3.416e-009 -3.416e-009 -3.416e-009 -3.416e-009  2.327e-009
       7 -8.443e-009 -8.443e-009 -8.443e-009 -8.443e-009 -8.515e-009 -8.515e-009 -8.515e-009 -8.515e-009 -5.937e-009
       8 -7.235e-009 -7.235e-009 -7.235e-009 -7.235e-009 -8.365e-009 -8.365e-009 -8.365e-009 -8.365e-009  4.038e-009
       9 -7.443e-009 -7.443e-009 -7.443e-009 -7.443e-009 -8.672e-009 -8.672e-009 -8.672e-009 -8.672e-009 -7.221e-010
      10 -1.125e-008 -1.125e-008 -1.125e-008 -1.125e-008 -1.290e-008 -1.290e-008 -1.290e-008 -1.290e-008  2.434e-009
      11 -1.102e-008 -1.102e-008 -1.102e-008 -1.102e-008 -1.251e-008 -1.251e-008 -1.251e-008 -1.251e-008  1.391e-009
      12 -1.333e-008 -1.333e-008 -1.333e-008 -1.333e-008 -1.479e-008 -1.479e-008 -1.479e-008 -1.479e-008 -8.023e-010
      13 -1.499e-008 -1.499e-008 -1.499e-008 -1.499e-008 -1.590e-008 -1.590e-008 -1.590e-008 -1.590e-008  5.589e-009
      14 -1.481e-008 -1.481e-008 -1.481e-008 -1.481e-008 -1.518e-008 -1.518e-008 -1.518e-008 -1.518e-008 -5.295e-009
      15 -1.610e-008 -1.610e-008 -1.610e-008 -1.610e-008 -1.659e-008 -1.659e-008 -1.659e-008 -1.659e-008  2.942e-010
      16 -1.617e-008 -1.617e-008 -1.617e-008 -1.617e-008 -1.498e-008 -1.498e-008 -1.498e-008 -1.498e-008  3.396e-009
      17 -1.202e-008 -1.202e-008 -1.202e-008 -1.202e-008 -1.326e-008 -1.326e-008 -1.326e-008 -1.326e-008 -5.193e-009
      18 -1.320e-008 -1.320e-008 -1.320e-008 -1.320e-008 -1.514e-008 -1.514e-008 -1.514e-008 -1.514e-008  4.905e-009
      19 -1.590e-008 -1.590e-008 -1.590e-008 -1.590e-008 -1.559e-008 -1.559e-008 -1.559e-008 -1.559e-008 -6.131e-010
      20 -1.495e-008 -1.495e-008 -1.495e-008 -1.495e-008 -1.696e-008 -1.696e-008 -1.696e-008 -1.696e-008 -2.488e-009
      21 -1.685e-008 -1.685e-008 -1.685e-008 -1.685e-008 -1.877e-008 -1.877e-008 -1.877e-008 -1.877e-008 -9.737e-010
      22 -1.889e-008 -1.889e-008 -1.889e-008 -1.889e-008 -2.066e-008 -2.066e-008 -2.066e-008 -2.066e-008 -2.164e-010
      23 -1.976e-008 -1.976e-008 -1.976e-008 -1.976e-008 -1.988e-008 -1.988e-008 -1.988e-008 -1.988e-008  4.652e-009
      24 -1.989e-008 -1.989e-008 -1.989e-008 -1.989e-008 -2.092e-008 -2.092e-008 -2.092e-008 -2.092e-008 -1.767e-009
      25 -2.134e-008 -2.134e-008 -2.134e-008 -2.134e-008 -1.844e-008 -1.844e-008 -1.844e-008 -1.844e-008 -1.984e-009
      26 -1.874e-008 -1.874e-008 -1.874e-008 -1.874e-008 -1.862e-008 -1.862e-008 -1.862e-008 -1.862e-008 -1.443e-009
      27 -1.859e-008 -1.859e-008 -1.859e-008 -1.859e-008 -1.798e-008 -1.798e-008 -1.798e-008 -1.798e-008  7.285e-009
      28 -1.750e-008 -1.750e-008 -1.750e-008 -1.750e-008 -1.628e-008 -1.628e-008 -1.628e-008 -1.628e-008 -3.787e-009
      29 -1.632e-008 -1.632e-008 -1.632e-008 -1.632e-008 -1.655e-008 -1.655e-008 -1.655e-008 -1.655e-008 -4.760e-009
      30 -1.589e-008 -1.589e-008 -1.589e-008 -1.589e-008 -1.367e-008 -1.367e-008 -1.367e-008 -1.367e-008  5.987e-009
      31 -1.453e-008 -1.453e-008 -1.453e-008 -1.453e-008 -1.213e-008 -1.213e-008 -1.213e-008 -1.213e-008 -1.298e-009
      32 -1.312e-008 -1.312e-008 -1.312e-008 -1.312e-008 -1.158e-008 -1.158e-008 -1.158e-008 -1.158e-008  9.377e-010
      33 -1.459e-008 -1.459e-008 -1.459e-008 -1.459e-008 -1.250e-008 -1.250e-008 -1.250e-008 -1.250e-008  8.465e-010
      34 -1.236e-008 -1.236e-008 -1.236e-008 -1.236e-008 -1.006e-008 -1.006e-008 -1.006e-008 -1.006e-008 -1.608e-009
      35 -9.292e-009 -9.292e-009 -9.292e-009 -9.292e-009 -7.896e-009 -7.896e-009 -7.896e-009 -7.896e-009  1.418e-009
      36 -9.471e-009 -9.471e-009 -9.471e-009 -9.471e-009 -7.911e-009 -7.911e-009 -7.911e-009 -7.911e-009 -1.376e-009
      37 -7.829e-009 -7.829e-009 -7.829e-009 -7.829e-009 -7.497e-009 -7.497e-009 -7.497e-009 -7.497e-009 -2.370e-009
      38 -6.459e-009 -6.459e-009 -6.459e-009 -6.459e-009 -6.859e-009 -6.859e-009 -6.859e-009 -6.859e-009  6.518e-009
      39 -1.085e-008 -1.085e-008 -1.085e-008 -1.085e-008 -7.766e-009 -7.766e-009 -7.766e-009 -7.766e-009 -3.422e-009
      40 -6.819e-009 -6.819e-009 -6.819e-009 -6.819e-009 -5.993e-009 -5.993e-009 -5.993e-009 -5.993e-009 -2.861e-009
      41 -6.371e-009 -6.371e-009 -6.371e-009 -6.371e-009 -4.256e-009 -4.256e-009 -4.256e-009 -4.256e-009 -2.805e-010
      42 -6.417e-009 -6.417e-009 -6.417e-009 -6.417e-009 -5.486e-009 -5.486e-009 -5.486e-009 -5.486e-009  3.563e-009
      43 -4.130e-009 -4.130e-009 -4.130e-009 -4.130e-009 -1.407e-009 -1.407e-009 -1.407e-009 -1.407e-009  2.525e-010
      44 -1.731e-009 -1.731e-009 -1.731e-009 -1.731e-009 -3.171e-009 -3.171e-009 -3.171e-009 -3.171e-009 -1.431e-009
      45 -4.346e-009 -4.346e-009 -4.346e-009 -4.346e-009 -3.026e-009 -3.026e-009 -3.026e-009 -3.026e-009  2.371e-009
      46 -2.069e-009 -2.069e-009 -2.069e-009 -2.069e-009 -1.095e-009 -1.095e-009 -1.095e-009 -1.095e-009 -2.766e-010
      47 -2.543e-009 -2.543e-009 -2.543e-009 -2.543e-009 -1.688e-009 -1.688e-009 -1.688e-009 -1.688e-009  1.719e-009
      48  1.707e-010  1.707e-010  1.707e-010  1.707e-010  4.612e-010  4.612e-010  4.612e-010  4.612e-010  9.879e-010
      49  7.808e-010  7.808e-010  7.808e-010  7.808e-010  1.394e-009  1.394e-009  1.394e-009  1.394e-009 -1.502e-009
      50 -9.078e-011 -9.078e-011 -9.078e-011 -9.078e-011  6.869e-010  6.869e-010  6.869e-010  6.869e-010  6.441e-009
MODAL No:        3
ELEM No      SA1         SA2         SA3         SA4         SB1         SB2         SB3         SB4       AXIAL
       1  1.310e-009  1.310e-009  1.310e-009  1.310e-009 -3.348e-009 -3.348e-009 -3.348e-009 -3.348e-009 -1.969e-009
       2 -2.014e-009 -2.014e-009 -2.014e-009 -2.014e-009 -5.401e-010 -5.401e-010 -5.401e-010 -5.401e-010 -7.171e-010
       3 -1.555e-009 -1.555e-009 -1.555e-009 -1.555e-009  8.205e-010  8.205e-010  8.205e-010  8.205e-010 -1.736e-009
       4  1.819e-010  1.819e-010  1.819e-010  1.819e-010  8.738e-010  8.738e-010  8.738e-010  8.738e-010  1.359e-009
       5  7.325e-010  7.325e-010  7.325e-010  7.325e-010 -1.660e-009 -1.660e-009 -1.660e-009 -1.660e-009  2.791e-010
       6  6.928e-010  6.928e-010  6.928e-010  6.928e-010  2.280e-009  2.280e-009  2.280e-009  2.280e-009  6.552e-010
       7 -4.408e-010 -4.408e-010 -4.408e-010 -4.408e-010 -1.307e-009 -1.307e-009 -1.307e-009 -1.307e-009 -7.547e-010
       8 -3.812e-010 -3.812e-010 -3.812e-010 -3.812e-010 -9.186e-010 -9.186e-010 -9.186e-010 -9.186e-010 -4.258e-009
       9 -2.197e-010 -2.197e-010 -2.197e-010 -2.197e-010  8.598e-010  8.598e-010  8.598e-010  8.598e-010  4.401e-009
      10 -5.690e-010 -5.690e-010 -5.690e-010 -5.690e-010 -1.898e-010 -1.898e-010 -1.898e-010 -1.898e-010 -4.319e-009
      11  1.309e-009  1.309e-009  1.309e-009  1.309e-009  3.259e-009  3.259e-009  3.259e-009  3.259e-009  3.307e-009
      12  1.543e-009  1.543e-009  1.543e-009  1.543e-009  3.141e-009  3.141e-009  3.141e-009  3.141e-009 -4.801e-009
      13  4.391e-009  4.391e-009  4.391e-009  4.391e-009  5.443e-009  5.443e-009  5.443e-009  5.443e-009 -1.560e-009
      14  4.656e-009  4.656e-009  4.656e-009  4.656e-009  5.935e-009  5.935e-009  5.935e-009  5.935e-009 -2.382e-010
      15  6.106e-009  6.106e-009  6.106e-009  6.106e-009  8.627e-009  8.627e-009  8.627e-009  8.627e-009 -2.302e-009
      16  9.411e-009  9.411e-009  9.411e-009  9.411e-009  1.110e-008  1.110e-008  1.110e-008  1.110e-008  4.087e-010
      17  8.717e-009  8.717e-009  8.717e-009  8.717e-009  1.134e-008  1.134e-008  1.134e-008  1.134e-008  2.840e-010
      18  1.211e-008  1.211e-008  1.211e-008  1.211e-008  1.413e-008  1.413e-008  1.413e-008  1.413e-008 -3.025e-009
      19  1.548e-008  1.548e-008  1.548e-008  1.548e-008  1.635e-008  1.635e-008  1.635e-008  1.635e-008  5.747e-009
      20  1.534e-008  1.534e-008  1.534e-008  1.534e-008  1.663e-008  1.663e-008  1.663e-008  1.663e-008 -1.984e-010
      21  1.598e-008  1.598e-008  1.598e-008  1.598e-008  1.974e-008  1.974e-008  1.974e-008  1.974e-008 -1.251e-010
      22  1.872e-008  1.872e-008  1.872e-008  1.872e-008  1.792e-008  1.792e-008  1.792e-008  1.792e-008 -4.249e-009
      23  1.763e-008  1.763e-008  1.763e-008  1.763e-008  1.919e-008  1.919e-008  1.919e-008  1.919e-008  2.547e-009
      24  1.773e-008  1.773e-008  1.773e-008  1.773e-008  2.072e-008  2.072e-008  2.072e-008  2.072e-008 -3.812e-009
      25  2.068e-008  2.068e-008  2.068e-008  2.068e-008  2.124e-008  2.124e-008  2.124e-008  2.124e-008  1.019e-009
      26  2.192e-008  2.192e-008  2.192e-008  2.192e-008  2.544e-008  2.544e-008  2.544e-008  2.544e-008  7.607e-010
      27  2.455e-008  2.455e-008  2.455e-008  2.455e-008  2.440e-008  2.440e-008  2.440e-008  2.440e-008  4.278e-009
      28  2.559e-008  2.559e-008  2.559e-008  2.559e-008  1.952e-008  1.952e-008  1.952e-008  1.952e-008 -2.585e-009
      29  2.250e-008  2.250e-008  2.250e-008  2.250e-008  2.252e-008  2.252e-008  2.252e-008  2.252e-008 -2.091e-009
      30  2.134e-008  2.134e-008  2.134e-008  2.134e-008  2.360e-008  2.360e-008  2.360e-008  2.360e-008 -2.795e-010
      31  2.327e-008  2.327e-008  2.327e-008  2.327e-008  2.243e-008  2.243e-008  2.243e-008  2.243e-008 -1.829e-009
      32  2.199e-008  2.199e-008  2.199e-008  2.199e-008  2.010e-008  2.010e-008  2.010e-008  2.010e-008 -8.047e-010
      33  2.529e-008  2.529e-008  2.529e-008  2.529e-008  2.206e-008  2.206e-008  2.206e-008  2.206e-008  2.731e-009
      34  2.267e-008  2.267e-008  2.267e-008  2.267e-008  1.897e-008  1.897e-008  1.897e-008  1.897e-008  5.377e-010
      35  1.724e-008  1.724e-008  1.724e-008  1.724e-008  1.750e-008  1.750e-008  1.750e-008  1.750e-008  3.483e-009
      36  1.639e-008  1.639e-008  1.639e-008  1.639e-008  1.240e-008  1.240e-008  1.240e-008  1.240e-008 -4.251e-009
      37  1.259e-008  1.259e-008  1.259e-008  1.259e-008  9.569e-009  9.569e-009  9.569e-009  9.569e-009  2.487e-009
      38  1.281e-008  1.281e-008  1.281e-008  1.281e-008  7.771e-009  7.771e-009  7.771e-009  7.771e-009 -4.010e-009
      39  5.792e-009  5.792e-009  5.792e-009  5.792e-009 -1.692e-009 -1.692e-009 -1.692e-009 -1.692e-009  1.280e-010
      40 -1.638e-009 -1.638e-009 -1.638e-009 -1.638e-009 -1.665e-009 -1.665e-009 -1.665e-009 -1.665e-009  2.774e-009
      41 -3.209e-010 -3.209e-010 -3.209e-010 -3.209e-010 -1.131e-008 -1.131e-008 -1.131e-008 -1.131e-008 -2.367e-011
      42 -8.760e-009 -8.760e-009 -8.760e-009 -8.760e-009 -1.049e-008 -1.049e-008 -1.049e-008 -1.049e-008 -2.874e-009
      43 -8.908e-009 -8.908e-009 -8.908e-009 -8.908e-009 -1.115e-008 -1.115e-008 -1.115e-008 -1.115e-008  1.368e-010
      44 -7.869e-009 -7.869e-009 -7.869e-009 -7.869e-009 -8.806e-009 -8.806e-009 -8.806e-009 -8.806e-009 -1.843e-009
      45 -1.328e-008 -1.328e-008 -1.328e-008 -1.328e-008 -6.863e-009 -6.863e-009 -6.863e-009 -6.863e-009  3.974e-009
      46 -6.736e-009 -6.736e-009 -6.736e-009 -6.736e-009 -5.970e-009 -5.970e-009 -5.970e-009 -5.970e-009 -6.097e-009
      47 -7.440e-009 -7.440e-009 -7.440e-009 -7.440e-009 -5.252e-009 -5.252e-009 -5.252e-009 -5.252e-009 -1.767e-009
      48 -3.818e-009 -3.818e-009 -3.818e-009 -3.818e-009 -3.376e-010 -3.376e-010 -3.376e-010 -3.376e-010  4.178e-009
      49  3.351e-010  3.351e-010  3.351e-010  3.351e-010 -1.468e-009 -1.468e-009 -1.468e-009 -1.468e-009 -2.507e-010
      50 -2.210e-009 -2.210e-009 -2.210e-009 -2.210e-009 -4.186e-010 -4.186e-010 -4.186e-010 -4.186e-010  1.584e-009
MODAL No:        4
ELEM No      SA1         SA2         SA3         SA4         SB1         SB2         SB3         SB4       AXIAL
       1 -2.004e-009 -2.004e-009 -2.004e-009 -2.004e-009  5.969e-010  5.969e-010  5.969e-010  5.969e-010 -6.418e-010
       2  8.152e-010  8.152e-010  8.152e-010  8.152e-010  1.284e-010  1.284e-010  1.284e-010  1.284e-010 -2.367e-009
       3  4.310e-010  4.310e-010  4.310e-010  4.310e-010  5.293e-010  5.293e-010  5.293e-010  5.293e-010  2.460e-009
       4 -1.029e-009 -1.029e-009 -1.029e-009 -1.029e-009  1.913e-009  1.913e-009  1.913e-009  1.913e-009  1.364e-009
       5 -1.398e-010 -1.398e-010 -1.398e-010 -1.398e-010 -1.505e-009 -1.505e-009 -1.505e-009 -1.505e-009 -1.524e-009
       6  1.434e-009  1.434e-009  1.434e-009  1.434e-009  3.054e-009  3.054e-009  3.054e-009  3.054e-009 -2.995e-009
       7 -8.068e-009 -8.068e-009 -8.068e-009 -8.068e-009 -5.531e-009 -5.531e-009 -5.531e-009 -5.531e-009  4.600e-009
       8 -6.468e-009 -6.468e-009 -6.468e-009 -6.468e-009 -4.851e-009 -4.851e-009 -4.851e-009 -4.851e-009 -6.191e-009
       9  1.704e-009  1.704e-009  1.704e-009  1.704e-009  4.563e-009  4.563e-009  4.563e-009  4.563e-009  4.279e-010
      10 -2.793e-009 -2.793e-009 -2.793e-009 -2.793e-009 -1.360e-009 -1.360e-009 -1.360e-009 -1.360e-009  1.163e-009
      11  2.073e-009  2.073e-009  2.073e-009  2.073e-009  5.313e-009  5.313e-009  5.313e-009  5.313e-009 -2.982e-009
      12  5.236e-009  5.236e-009  5.236e-009  5.236e-009  8.105e-009  8.105e-009  8.105e-009  8.105e-009 -2.126e-009
      13  8.553e-009  8.553e-009  8.553e-009  8.553e-009  9.896e-009  9.896e-009  9.896e-009  9.896e-009 -3.637e-009
      14  1.031e-008  1.031e-008  1.031e-008  1.031e-008  1.100e-008  1.100e-008  1.100e-008  1.100e-008  3.356e-009
      15  9.965e-009  9.965e-009  9.965e-009  9.965e-009  1.020e-008  1.020e-008  1.020e-008  1.020e-008 -9.494e-010
      16  1.073e-008  1.073e-008  1.073e-008  1.073e-008  9.815e-009  9.815e-009  9.815e-009  9.815e-009 -1.712e-009
      17  8.454e-009  8.454e-009  8.454e-009  8.454e-009  7.255e-009  7.255e-009  7.255e-009  7.255e-009  1.461e-009
      18  7.630e-009  7.630e-009  7.630e-009  7.630e-009  6.737e-009  6.737e-009  6.737e-009  6.737e-009  2.813e-009
      19  7.371e-009  7.371e-009  7.371e-009  7.371e-009  1.112e-008  1.112e-008  1.112e-008  1.112e-008 -3.228e-009
      20  8.624e-009  8.624e-009  8.624e-009  8.624e-009  7.591e-009  7.591e-009  7.591e-009  7.591e-009  4.328e-009
      21  7.837e-009  7.837e-009  7.837e-009  7.837e-009  9.170e-009  9.170e-009  9.170e-009  9.170e-009 -2.633e-009
      22  9.475e-009  9.475e-009  9.475e-009  9.475e-009  9.077e-009  9.077e-009  9.077e-009  9.077e-009  1.064e-009
      23  1.030e-008  1.030e-008  1.030e-008  1.030e-008  7.445e-009  7.445e-009  7.445e-009  7.445e-009  3.246e-010
      24  6.169e-009  6.169e-009  6.169e-009  6.169e-009  8.140e-009  8.140e-009  8.140e-009  8.140e-009 -3.246e-009
      25  9.319e-009  9.319e-009  9.319e-009  9.319e-009  9.087e-009  9.087e-009  9.087e-009  9.087e-009  1.226e-009
      26  8.255e-009  8.255e-009  8.255e-009  8.255e-009  7.022e-009  7.022e-009  7.022e-009  7.022e-009  4.003e-009
      27  7.749e-009  7.749e-009  7.749e-009  7.749e-009  7.027e-009  7.027e-009  7.027e-009  7.027e-009 -3.715e-009
      28  8.369e-009  8.369e-009  8.369e-009  8.369e-009  9.362e-009  9.362e-009  9.362e-009  9.362e-009  2.272e-009
      29  6.801e-009  6.801e-009  6.801e-009  6.801e-009  3.827e-009  3.827e-009  3.827e-009  3.827e-009  9.737e-010
      30  5.753e-009  5.753e-009  5.753e-009  5.753e-009  6.885e-009  6.885e-009  6.885e-009  6.885e-009 -4.075e-009
      31  6.044e-009  6.044e-009  6.044e-009  6.044e-009  4.845e-009  4.845e-009  4.845e-009  4.845e-009 -1.407e-009
      32  6.026e-009  6.026e-009  6.026e-009  6.026e-009  5.839e-009  5.839e-009  5.839e-009  5.839e-009  1.262e-010
      33  7.770e-009  7.770e-009  7.770e-009  7.770e-009  8.176e-009  8.176e-009  8.176e-009  8.176e-009 -1.333e-009
      34  7.947e-009  7.947e-009  7.947e-009  7.947e-009  6.426e-009  6.426e-009  6.426e-009  6.426e-009  2.211e-009
      35  4.614e-009  4.614e-009  4.614e-009  4.614e-009  4.503e-009  4.503e-009  4.503e-009  4.503e-009 -2.730e-009
      36  5.065e-009  5.065e-009  5.065e-009  5.065e-009  4.298e-009  4.298e-009  4.298e-009  4.298e-009  2.254e-009
      37  2.495e-009  2.495e-009  2.495e-009  2.495e-009  2.806e-009  2.806e-009  2.806e-009  2.806e-009 -6.349e-010
      38  6.080e-009  6.080e-009  6.080e-009  6.080e-009  6.000e-009  6.000e-009  6.000e-009  6.000e-009 -2.487e-009
      39  5.066e-009  5.066e-009  5.066e-009  5.066e-009  3.218e-009  3.218e-009  3.218e-009  3.218e-009  2.721e-009
      40  4.014e-009  4.014e-009  4.014e-009  4.014e-009  4.784e-009  4.784e-009  4.784e-009  4.784e-009 -2.398e-009
      41  2.888e-009  2.888e-009  2.888e-009  2.888e-009  3.213e-009  3.213e-009  3.213e-009  3.213e-009  6.452e-010
      42  4.269e-010  4.269e-010  4.269e-010  4.269e-010 -1.519e-009 -1.519e-009 -1.519e-009 -1.519e-009  2.244e-010
      43  1.744e-010  1.744e-010  1.744e-010  1.744e-010  7.185e-010  7.185e-010  7.185e-010  7.185e-010 -6.171e-010
      44 -4.736e-010 -4.736e-010 -4.736e-010 -4.736e-010 -1.219e-009 -1.219e-009 -1.219e-009 -1.219e-009  3.927e-010
      45 -2.293e-009 -2.293e-009 -2.293e-009 -2.293e-009 -1.700e-009 -1.700e-009 -1.700e-009 -1.700e-009 -3.428e-009
      46  2.004e-009  2.004e-009  2.004e-009  2.004e-009 -1.281e-009 -1.281e-009 -1.281e-009 -1.281e-009  7.212e-010
      47 -2.988e-009 -2.988e-009 -2.988e-009 -2.988e-009 -1.792e-009 -1.792e-009 -1.792e-009 -1.792e-009 -4.357e-009
      48 -7.139e-010 -7.139e-010 -7.139e-010 -7.139e-010 -1.803e-009 -1.803e-009 -1.803e-009 -1.803e-009  1.778e-009
      49  1.377e-009  1.377e-009  1.377e-009  1.377e-009  1.679e-009  1.679e-009  1.679e-009  1.679e-009  3.952e-010
      50 -1.753e-009 -1.753e-009 -1.753e-009 -1.753e-009  1.427e-009  1.427e-009  1.427e-009  1.427e-009 -3.448e-009
MODAL No:        5
ELEM No      SA1         SA2         SA3         SA4         SB1         SB2         SB3         SB4       AXIAL
       1  1.015e-009  1.015e-009  1.015e-009  1.015e-009  2.019e-010  2.019e-010  2.019e-010  2.019e-010 -7.054e-010
       2  1.327e-009  1.327e-009  1.327e-009  1.327e-009  4.732e-009  4.732e-009  4.732e-009  4.732e-009  3.086e-009
       3  5.061e-009  5.061e-009  5.061e-009  5.061e-009  4.344e-009  4.344e-009  4.344e-009  4.344e-009 -2.360e-009
       4  6.155e-010  6.155e-010  6.155e-010  6.155e-010  1.130e-008  1.130e-008  1.130e-008  1.130e-008 -3.991e-009
       5  1.077e-008  1.077e-008  1.077e-008  1.077e-008  8.046e-009  8.046e-009  8.046e-009  8.046e-009  4.363e-010
       6  9.581e-009  9.581e-009  9.581e-009  9.581e-009  1.592e-008  1.592e-008  1.592e-008  1.592e-008  5.399e-009
       7  1.491e-008  1.491e-008  1.491e-008  1.491e-008  1.696e-008  1.696e-008  1.696e-008  1.696e-008 -6.733e-009
       8  1.494e-008  1.494e-008  1.494e-008  1.494e-008  2.354e-008  2.354e-008  2.354e-008  2.354e-008  5.549e-009
       9  2.570e-008  2.570e-008  2.570e-008  2.570e-008  2.407e-008  2.407e-008  2.407e-008  2.407e-008  1.339e-009
      10  2.441e-008  2.441e-008  2.441e-008  2.441e-008  3.354e-008  3.354e-008  3.354e-008  3.354e-008 -9.009e-010
      11  3.272e-008  3.272e-008  3.272e-008  3.272e-008  3.812e-008  3.812e-008  3.812e-008  3.812e-008 -4.755e-009
      12  3.820e-008  3.820e-008  3.820e-008  3.820e-008  3.943e-008  3.943e-008  3.943e-008  3.943e-008  3.427e-009
      13  3.761e-008  3.761e-008  3.761e-008  3.761e-008  4.591e-008  4.591e-008  4.591e-008  4.591e-008 -2.414e-009
      14  4.595e-008  4.595e-008  4.595e-008  4.595e-008  4.980e-008  4.980e-008  4.980e-008  4.980e-008  6.383e-009
      15  4.739e-008  4.739e-008  4.739e-008  4.739e-008  4.954e-008  4.954e-008  4.954e-008  4.954e-008 -4.463e-010
      16  5.148e-008  5.148e-008  5.148e-008  5.148e-008  5.156e-008  5.156e-008  5.156e-008  5.156e-008 -3.458e-009
      17  4.338e-008  4.338e-008  4.338e-008  4.338e-008  4.562e-008  4.562e-008  4.562e-008  4.562e-008  4.100e-009
      18  4.309e-008  4.309e-008  4.309e-008  4.309e-008  4.185e-008  4.185e-008  4.185e-008  4.185e-008 -2.096e-009
      19  4.495e-008  4.495e-008  4.495e-008  4.495e-008  3.979e-008  3.979e-008  3.979e-008  3.979e-008 -2.671e-009
      20  3.803e-008  3.803e-008  3.803e-008  3.803e-008  3.875e-008  3.875e-008  3.875e-008  3.875e-008 -6.649e-011
      21  3.863e-008  3.863e-008  3.863e-008  3.863e-008  3.567e-008  3.567e-008  3.567e-008  3.567e-008  6.559e-010
      22  3.553e-008  3.553e-008  3.553e-008  3.553e-008  3.175e-008  3.175e-008  3.175e-008  3.175e-008 -2.414e-009
      23  3.206e-008  3.206e-008  3.206e-008  3.206e-008  2.922e-008  2.922e-008  2.922e-008  2.922e-008 -1.696e-009
      24  2.949e-008  2.949e-008  2.949e-008  2.949e-008  3.020e-008  3.020e-008  3.020e-008  3.020e-008  5.791e-009
      25  2.977e-008  2.977e-008  2.977e-008  2.977e-008  2.669e-008  2.669e-008  2.669e-008  2.669e-008  1.455e-009
      26  2.741e-008  2.741e-008  2.741e-008  2.741e-008  2.692e-008  2.692e-008  2.692e-008  2.692e-008 -6.780e-009
      27  2.650e-008  2.650e-008  2.650e-008  2.650e-008  2.483e-008  2.483e-008  2.483e-008  2.483e-008  4.694e-009
      28  2.563e-008  2.563e-008  2.563e-008  2.563e-008  2.126e-008  2.126e-008  2.126e-008  2.126e-008 -4.195e-009
      29  2.121e-008  2.121e-008  2.121e-008  2.121e-008  1.850e-008  1.850e-008  1.850e-008  1.850e-008  2.048e-009
      30  1.777e-008  1.777e-008  1.777e-008  1.777e-008  1.529e-008  1.529e-008  1.529e-008  1.529e-008 -1.729e-009
      31  1.656e-008  1.656e-008  1.656e-008  1.656e-008  1.647e-008  1.647e-008  1.647e-008  1.647e-008  3.276e-009
      32  1.690e-008  1.690e-008  1.690e-008  1.690e-008  1.273e-008  1.273e-008  1.273e-008  1.273e-008 -2.758e-009
      33  1.560e-008  1.560e-008  1.560e-008  1.560e-008  1.362e-008  1.362e-008  1.362e-008  1.362e-008  1.414e-009
      34  1.337e-008  1.337e-008  1.337e-008  1.337e-008  8.689e-009  8.689e-009  8.689e-009  8.689e-009 -1.762e-009
      35  9.929e-009  9.929e-009  9.929e-009  9.929e-009  9.326e-009  9.326e-009  9.326e-009  9.326e-009 -3.906e-009
      36  7.881e-009  7.881e-009  7.881e-009  7.881e-009  6.817e-009  6.817e-009  6.817e-009  6.817e-009  7.242e-009
      37  7.065e-009  7.065e-009  7.065e-009  7.065e-009  6.063e-009  6.063e-009  6.063e-009  6.063e-009 -4.127e-010
      38  6.655e-009  6.655e-009  6.655e-009  6.655e-009  4.492e-009  4.492e-009  4.492e-009  4.492e-009 -1.549e-009
      39  4.966e-009  4.966e-009  4.966e-009  4.966e-009  2.486e-009  2.486e-009  2.486e-009  2.486e-009 -2.874e-009
      40  2.353e-009  2.353e-009  2.353e-009  2.353e-009  2.809e-009  2.809e-009  2.809e-009  2.809e-009  7.018e-009
      41  2.030e-009  2.030e-009  2.030e-009  2.030e-009  8.489e-010  8.489e-010  8.489e-010  8.489e-010 -4.946e-009
      42  2.013e-009  2.013e-009  2.013e-009  2.013e-009  1.820e-009  1.820e-009  1.820e-009  1.820e-009  4.979e-010
      43  1.497e-009  1.497e-009  1.497e-009  1.497e-009  6.444e-010  6.444e-010  6.444e-010  6.444e-010 -6.529e-009
      44  1.262e-009  1.262e-009  1.262e-009  1.262e-009  1.277e-010  1.277e-010  1.277e-010  1.277e-010  8.128e-009
      45 -5.413e-010 -5.413e-010 -5.413e-010 -5.413e-010 -6.181e-012 -6.181e-012 -6.181e-012 -6.181e-012 -5.133e-009
      46 -5.083e-010 -5.083e-010 -5.083e-010 -5.083e-010 -7.225e-010 -7.225e-010 -7.225e-010 -7.225e-010  4.489e-009
      47 -6.808e-010 -6.808e-010 -6.808e-010 -6.808e-010 -1.034e-009 -1.034e-009 -1.034e-009 -1.034e-009 -2.656e-009
      48 -4.202e-010 -4.202e-010 -4.202e-010 -4.202e-010 -6.989e-010 -6.989e-010 -6.989e-010 -6.989e-010  9.867e-010
      49 -2.834e-010 -2.834e-010 -2.834e-010 -2.834e-010  2.476e-010  2.476e-010  2.476e-010  2.476e-010 -1.367e-009
      50 -1.340e-010 -1.340e-010 -1.340e-010 -1.340e-010  5.572e-010  5.572e-010  5.572e-010  5.572e-010 -3.676e-009
MODAL No:        7
ELEM No      SA1         SA2         SA3         SA4         SB1         SB2         SB3         SB4       AXIAL
       1  9.887e-010  9.887e-010  9.887e-010  9.887e-010  1.588e+003  1.588e+003  1.588e+003  1.588e+003  4.845e-011
       2  1.588e+003  1.588e+003  1.588e+003  1.588e+003  6.066e+003  6.066e+003  6.066e+003  6.066e+003  6.499e-010
       3  6.066e+003  6.066e+003  6.066e+003  6.066e+003  1.314e+004  1.314e+004  1.314e+004  1.314e+004 -1.655e-009
       4  1.314e+004  1.314e+004  1.314e+004  1.314e+004  2.254e+004  2.254e+004  2.254e+004  2.254e+004  1.901e-009
       5  2.254e+004  2.254e+004  2.254e+004  2.254e+004  3.395e+004  3.395e+004  3.395e+004  3.395e+004 -2.989e-010
       6  3.395e+004  3.395e+004  3.395e+004  3.395e+004  4.711e+004  4.711e+004  4.711e+004  4.711e+004  4.249e-010
       7  4.711e+004  4.711e+004  4.711e+004  4.711e+004  6.172e+004  6.172e+004  6.172e+004  6.172e+004 -1.636e-009
       8  6.172e+004  6.172e+004  6.172e+004  6.172e+004  7.751e+004  7.751e+004  7.751e+004  7.751e+004  1.180e-009
       9  7.751e+004  7.751e+004  7.751e+004  7.751e+004  9.420e+004  9.420e+004  9.420e+004  9.420e+004 -7.527e-010
      10  9.420e+004  9.420e+004  9.420e+004  9.420e+004  1.115e+005  1.115e+005  1.115e+005  1.115e+005  6.089e-010
      11  1.115e+005  1.115e+005  1.115e+005  1.115e+005  1.292e+005  1.292e+005  1.292e+005  1.292e+005 -8.282e-010
      12  1.292e+005  1.292e+005  1.292e+005  1.292e+005  1.470e+005  1.470e+005  1.470e+005  1.470e+005  1.026e-009
      13  1.470e+005  1.470e+005  1.470e+005  1.470e+005  1.648e+005  1.648e+005  1.648e+005  1.648e+005  2.614e-010
      14  1.648e+005  1.648e+005  1.648e+005  1.648e+005  1.821e+005  1.821e+005  1.821e+005  1.821e+005  8.909e-010
      15  1.821e+005  1.821e+005  1.821e+005  1.821e+005  1.990e+005  1.990e+005  1.990e+005  1.990e+005 -1.400e-009
      16  1.990e+005  1.990e+005  1.990e+005  1.990e+005  2.151e+005  2.151e+005  2.151e+005  2.151e+005 -2.999e-010
      17  1.835e+005  1.835e+005  1.835e+005  1.835e+005  1.961e+005  1.961e+005  1.961e+005  1.961e+005  2.256e-009
      18  1.961e+005  1.961e+005  1.961e+005  1.961e+005  2.074e+005  2.074e+005  2.074e+005  2.074e+005 -1.166e-009
      19  2.074e+005  2.074e+005  2.074e+005  2.074e+005  2.173e+005  2.173e+005  2.173e+005  2.173e+005 -2.817e-010
      20  2.173e+005  2.173e+005  2.173e+005  2.173e+005  2.255e+005  2.255e+005  2.255e+005  2.255e+005  3.423e-010
      21  2.255e+005  2.255e+005  2.255e+005  2.255e+005  2.320e+005  2.320e+005  2.320e+005  2.320e+005 -3.433e-010
      22  2.320e+005  2.320e+005  2.320e+005  2.320e+005  2.368e+005  2.368e+005  2.368e+005  2.368e+005  2.107e-010
      23  2.368e+005  2.368e+005  2.368e+005  2.368e+005  2.397e+005  2.397e+005  2.397e+005  2.397e+005 -7.326e-010
      24  2.397e+005  2.397e+005  2.397e+005  2.397e+005  2.407e+005  2.407e+005  2.407e+005  2.407e+005  6.972e-010
      25  2.407e+005  2.407e+005  2.407e+005  2.407e+005  2.398e+005  2.398e+005  2.398e+005  2.398e+005  3.238e-010
      26  2.398e+005  2.398e+005  2.398e+005  2.398e+005  2.370e+005  2.370e+005  2.370e+005  2.370e+005 -3.591e-010
      27  2.370e+005  2.370e+005  2.370e+005  2.370e+005  2.324e+005  2.324e+005  2.324e+005  2.324e+005 -1.351e-010
      28  2.324e+005  2.324e+005  2.324e+005  2.324e+005  2.260e+005  2.260e+005  2.260e+005  2.260e+005  2.361e-010
      29  2.260e+005  2.260e+005  2.260e+005  2.260e+005  2.179e+005  2.179e+005  2.179e+005  2.179e+005  4.757e-010
      30  2.179e+005  2.179e+005  2.179e+005  2.179e+005  2.083e+005  2.083e+005  2.083e+005  2.083e+005  1.248e-009
      31  2.083e+005  2.083e+005  2.083e+005  2.083e+005  1.973e+005  1.973e+005  1.973e+005  1.973e+005 -1.120e-009
      32  1.973e+005  1.973e+005  1.973e+005  1.973e+005  1.850e+005  1.850e+005  1.850e+005  1.850e+005  1.481e-010
      33  2.242e+005  2.242e+005  2.242e+005  2.242e+005  2.069e+005  2.069e+005  2.069e+005  2.069e+005 -3.267e-010
      34  2.069e+005  2.069e+005  2.069e+005  2.069e+005  1.887e+005  1.887e+005  1.887e+005  1.887e+005  8.177e-010
      35  1.887e+005  1.887e+005  1.887e+005  1.887e+005  1.699e+005  1.699e+005  1.699e+005  1.699e+005 -5.909e-010
      36  1.699e+005  1.699e+005  1.699e+005  1.699e+005  1.507e+005  1.507e+005  1.507e+005  1.507e+005  1.173e-009
      37  1.507e+005  1.507e+005  1.507e+005  1.507e+005  1.317e+005  1.317e+005  1.317e+005  1.317e+005 -2.226e-010
      38  1.317e+005  1.317e+005  1.317e+005  1.317e+005  1.130e+005  1.130e+005  1.130e+005  1.130e+005 -1.483e-009
      39  1.307e+005  1.307e+005  1.307e+005  1.307e+005  1.100e+005  1.100e+005  1.100e+005  1.100e+005  1.058e-009
      40  1.100e+005  1.100e+005  1.100e+005  1.100e+005  9.045e+004  9.045e+004  9.045e+004  9.045e+004  6.435e-010
      41  9.045e+004  9.045e+004  9.045e+004  9.045e+004  7.242e+004  7.242e+004  7.242e+004  7.242e+004  2.173e-010
      42  7.242e+004  7.242e+004  7.242e+004  7.242e+004  5.629e+004  5.629e+004  5.629e+004  5.629e+004 -2.444e-010
      43  5.629e+004  5.629e+004  5.629e+004  5.629e+004  4.248e+004  4.248e+004  4.248e+004  4.248e+004  1.098e-010
      44  4.248e+004  4.248e+004  4.248e+004  4.248e+004  3.141e+004  3.141e+004  3.141e+004  3.141e+004 -8.625e-011
      45  4.143e+004  4.143e+004  4.143e+004  4.143e+004  2.965e+004  2.965e+004  2.965e+004  2.965e+004 -1.371e-009
      46  2.965e+004  2.965e+004  2.965e+004  2.965e+004  1.954e+004  1.954e+004  1.954e+004  1.954e+004  9.131e-010
      47  1.954e+004  1.954e+004  1.954e+004  1.954e+004  1.132e+004  1.132e+004  1.132e+004  1.132e+004 -1.049e-010
      48  1.132e+004  1.132e+004  1.132e+004  1.132e+004  5.190e+003  5.190e+003  5.190e+003  5.190e+003 -5.860e-010
      49  5.190e+003  5.190e+003  5.190e+003  5.190e+003  1.348e+003  1.348e+003  1.348e+003  1.348e+003 -2.810e-010
      50  1.348e+003  1.348e+003  1.348e+003  1.348e+003 -1.596e-009 -1.596e-009 -1.596e-009 -1.596e-009  5.755e-010
MODAL No:        8
ELEM No      SA1         SA2         SA3         SA4         SB1         SB2         SB3         SB4       AXIAL
       1  6.637e-010  6.637e-010  6.637e-010  6.637e-010  1.519e+003  1.519e+003  1.519e+003  1.519e+003 -1.218e-009
       2  1.519e+003  1.519e+003  1.519e+003  1.519e+003  5.814e+003  5.814e+003  5.814e+003  5.814e+003 -6.054e-010
       3  5.814e+003  5.814e+003  5.814e+003  5.814e+003  1.262e+004  1.262e+004  1.262e+004  1.262e+004 -3.032e-010
       4  1.262e+004  1.262e+004  1.262e+004  1.262e+004  2.166e+004  2.166e+004  2.166e+004  2.166e+004  1.629e-009
       5  2.166e+004  2.166e+004  2.166e+004  2.166e+004  3.267e+004  3.267e+004  3.267e+004  3.267e+004 -7.002e-010
       6  3.267e+004  3.267e+004  3.267e+004  3.267e+004  4.538e+004  4.538e+004  4.538e+004  4.538e+004  9.779e-010
       7  4.538e+004  4.538e+004  4.538e+004  4.538e+004  5.951e+004  5.951e+004  5.951e+004  5.951e+004  3.025e-010
       8  5.951e+004  5.951e+004  5.951e+004  5.951e+004  7.480e+004  7.480e+004  7.480e+004  7.480e+004  6.002e-010
       9  7.480e+004  7.480e+004  7.480e+004  7.480e+004  9.098e+004  9.098e+004  9.098e+004  9.098e+004 -3.422e-010
      10  9.098e+004  9.098e+004  9.098e+004  9.098e+004  1.078e+005  1.078e+005  1.078e+005  1.078e+005 -4.015e-012
      11  1.078e+005  1.078e+005  1.078e+005  1.078e+005  1.250e+005  1.250e+005  1.250e+005  1.250e+005 -4.756e-010
      12  1.250e+005  1.250e+005  1.250e+005  1.250e+005  1.423e+005  1.423e+005  1.423e+005  1.423e+005 -3.914e-011
      13  1.423e+005  1.423e+005  1.423e+005  1.423e+005  1.595e+005  1.595e+005  1.595e+005  1.595e+005  5.405e-010
      14  1.595e+005  1.595e+005  1.595e+005  1.595e+005  1.764e+005  1.764e+005  1.764e+005  1.764e+005 -3.868e-010
      15  1.764e+005  1.764e+005  1.764e+005  1.764e+005  1.928e+005  1.928e+005  1.928e+005  1.928e+005 -7.450e-010
      16  1.928e+005  1.928e+005  1.928e+005  1.928e+005  2.084e+005  2.084e+005  2.084e+005  2.084e+005  8.233e-010
      17  1.672e+005  1.672e+005  1.672e+005  1.672e+005  1.787e+005  1.787e+005  1.787e+005  1.787e+005  5.351e-010
      18  1.787e+005  1.787e+005  1.787e+005  1.787e+005  1.891e+005  1.891e+005  1.891e+005  1.891e+005 -1.325e-010
      19  1.891e+005  1.891e+005  1.891e+005  1.891e+005  1.981e+005  1.981e+005  1.981e+005  1.981e+005  8.092e-010
      20  1.981e+005  1.981e+005  1.981e+005  1.981e+005  2.056e+005  2.056e+005  2.056e+005  2.056e+005  3.422e-010
      21  2.056e+005  2.056e+005  2.056e+005  2.056e+005  2.116e+005  2.116e+005  2.116e+005  2.116e+005 -1.407e-009
      22  2.116e+005  2.116e+005  2.116e+005  2.116e+005  2.160e+005  2.160e+005  2.160e+005  2.160e+005  8.359e-010
      23  2.160e+005  2.160e+005  2.160e+005  2.160e+005  2.187e+005  2.187e+005  2.187e+005  2.187e+005 -6.989e-010
      24  2.187e+005  2.187e+005  2.187e+005  2.187e+005  2.196e+005  2.196e+005  2.196e+005  2.196e+005  5.571e-010
      25  2.196e+005  2.196e+005  2.196e+005  2.196e+005  2.189e+005  2.189e+005  2.189e+005  2.189e+005  1.378e-009
      26  2.189e+005  2.189e+005  2.189e+005  2.189e+005  2.164e+005  2.164e+005  2.164e+005  2.164e+005 -1.132e-009
      27  2.164e+005  2.164e+005  2.164e+005  2.164e+005  2.122e+005  2.122e+005  2.122e+005  2.122e+005 -6.155e-011
      28  2.122e+005  2.122e+005  2.122e+005  2.122e+005  2.065e+005  2.065e+005  2.065e+005  2.065e+005  1.608e-009
      29  2.065e+005  2.065e+005  2.065e+005  2.065e+005  1.992e+005  1.992e+005  1.992e+005  1.992e+005 -1.145e-009
      30  1.992e+005  1.992e+005  1.992e+005  1.992e+005  1.905e+005  1.905e+005  1.905e+005  1.905e+005 -6.607e-010
      31  1.905e+005  1.905e+005  1.905e+005  1.905e+005  1.805e+005  1.805e+005  1.805e+005  1.805e+005  5.114e-010
      32  1.805e+005  1.805e+005  1.805e+005  1.805e+005  1.694e+005  1.694e+005  1.694e+005  1.694e+005 -3.781e-010
      33  2.200e+005  2.200e+005  2.200e+005  2.200e+005  2.032e+005  2.032e+005  2.032e+005  2.032e+005 -8.043e-010
      34  2.032e+005  2.032e+005  2.032e+005  2.032e+005  1.855e+005  1.855e+005  1.855e+005  1.855e+005  3.358e-010
      35  1.855e+005  1.855e+005  1.855e+005  1.855e+005  1.671e+005  1.671e+005  1.671e+005  1.671e+005 -7.273e-010
      36  1.671e+005  1.671e+005  1.671e+005  1.671e+005  1.484e+005  1.484e+005  1.484e+005  1.484e+005  1.856e-009
      37  1.484e+005  1.484e+005  1.484e+005  1.484e+005  1.297e+005  1.297e+005  1.297e+005  1.297e+005  1.026e-009
      38  1.297e+005  1.297e+005  1.297e+005  1.297e+005  1.115e+005  1.115e+005  1.115e+005  1.115e+005 -3.690e-010
      39  1.663e+005  1.663e+005  1.663e+005  1.663e+005  1.401e+005  1.401e+005  1.401e+005  1.401e+005  1.503e-009
      40  1.401e+005  1.401e+005  1.401e+005  1.401e+005  1.153e+005  1.153e+005  1.153e+005  1.153e+005  4.931e-011
      41  1.153e+005  1.153e+005  1.153e+005  1.153e+005  9.241e+004  9.241e+004  9.241e+004  9.241e+004  2.519e-010
      42  9.241e+004  9.241e+004  9.241e+004  9.241e+004  7.190e+004  7.190e+004  7.190e+004  7.190e+004  2.206e-009
      43  7.190e+004  7.190e+004  7.190e+004  7.190e+004  5.432e+004  5.432e+004  5.432e+004  5.432e+004 -1.199e-009
      44  5.432e+004  5.432e+004  5.432e+004  5.432e+004  4.019e+004  4.019e+004  4.019e+004  4.019e+004 -2.948e-010
      45  6.380e+004  6.380e+004  6.380e+004  6.380e+004  4.567e+004  4.567e+004  4.567e+004  4.567e+004  9.423e-010
      46  4.567e+004  4.567e+004  4.567e+004  4.567e+004  3.012e+004  3.012e+004  3.012e+004  3.012e+004  5.341e-010
      47  3.012e+004  3.012e+004  3.012e+004  3.012e+004  1.745e+004  1.745e+004  1.745e+004  1.745e+004  1.502e-009
      48  1.745e+004  1.745e+004  1.745e+004  1.745e+004  7.998e+003  7.998e+003  7.998e+003  7.998e+003  2.174e-009
      49  7.998e+003  7.998e+003  7.998e+003  7.998e+003  2.077e+003  2.077e+003  2.077e+003  2.077e+003  5.863e-010
      50  2.077e+003  2.077e+003  2.077e+003  2.077e+003  3.872e-010  3.872e-010  3.872e-010  3.872e-010  2.411e-009
MODAL No:        9
ELEM No      SA1         SA2         SA3         SA4         SB1         SB2         SB3         SB4       AXIAL
       1 -7.299e-010 -7.299e-010 -7.299e-010 -7.299e-010  9.283e+003  9.283e+003  9.283e+003  9.283e+003 -3.923e-009
       2  9.283e+003  9.283e+003  9.283e+003  9.283e+003  3.433e+004  3.433e+004  3.433e+004  3.433e+004  5.099e-009
       3  3.433e+004  3.433e+004  3.433e+004  3.433e+004  7.230e+004  7.230e+004  7.230e+004  7.230e+004 -1.072e-008
       4  7.230e+004  7.230e+004  7.230e+004  7.230e+004  1.204e+005  1.204e+005  1.204e+005  1.204e+005  1.964e-009
       5  1.204e+005  1.204e+005  1.204e+005  1.204e+005  1.757e+005  1.757e+005  1.757e+005  1.757e+005  2.283e-009
       6  1.757e+005  1.757e+005  1.757e+005  1.757e+005  2.356e+005  2.356e+005  2.356e+005  2.356e+005  3.722e-009
       7  2.356e+005  2.356e+005  2.356e+005  2.356e+005  2.973e+005  2.973e+005  2.973e+005  2.973e+005  2.213e-009
       8  2.973e+005  2.973e+005  2.973e+005  2.973e+005  3.584e+005  3.584e+005  3.584e+005  3.584e+005  5.266e-009
       9  3.584e+005  3.584e+005  3.584e+005  3.584e+005  4.164e+005  4.164e+005  4.164e+005  4.164e+005  2.329e-009
      10  4.164e+005  4.164e+005  4.164e+005  4.164e+005  4.693e+005  4.693e+005  4.693e+005  4.693e+005 -9.720e-009
      11  4.693e+005  4.693e+005  4.693e+005  4.693e+005  5.151e+005  5.151e+005  5.151e+005  5.151e+005  2.109e-009
      12  5.151e+005  5.151e+005  5.151e+005  5.151e+005  5.522e+005  5.522e+005  5.522e+005  5.522e+005 -8.280e-009
      13  5.522e+005  5.522e+005  5.522e+005  5.522e+005  5.793e+005  5.793e+005  5.793e+005  5.793e+005  1.317e-008
      14  5.793e+005  5.793e+005  5.793e+005  5.793e+005  5.955e+005  5.955e+005  5.955e+005  5.955e+005 -4.247e-009
      15  5.955e+005  5.955e+005  5.955e+005  5.955e+005  6.002e+005  6.002e+005  6.002e+005  6.002e+005 -1.987e-010
      16  6.002e+005  6.002e+005  6.002e+005  6.002e+005  5.931e+005  5.931e+005  5.931e+005  5.931e+005  1.191e-009
      17  5.061e+005  5.061e+005  5.061e+005  5.061e+005  4.881e+005  4.881e+005  4.881e+005  4.881e+005 -4.934e-009
      18  4.881e+005  4.881e+005  4.881e+005  4.881e+005  4.565e+005  4.565e+005  4.565e+005  4.565e+005 -1.655e-009
      19  4.565e+005  4.565e+005  4.565e+005  4.565e+005  4.120e+005  4.120e+005  4.120e+005  4.120e+005  6.762e-009
      20  4.120e+005  4.120e+005  4.120e+005  4.120e+005  3.560e+005  3.560e+005  3.560e+005  3.560e+005 -2.922e-009
      21  3.560e+005  3.560e+005  3.560e+005  3.560e+005  2.901e+005  2.901e+005  2.901e+005  2.901e+005  5.490e-009
      22  2.901e+005  2.901e+005  2.901e+005  2.901e+005  2.161e+005  2.161e+005  2.161e+005  2.161e+005 -9.137e-009
      23  2.161e+005  2.161e+005  2.161e+005  2.161e+005  1.360e+005  1.360e+005  1.360e+005  1.360e+005 -3.373e-009
      24  1.360e+005  1.360e+005  1.360e+005  1.360e+005  5.196e+004  5.196e+004  5.196e+004  5.196e+004  5.440e-009
      25  5.196e+004  5.196e+004  5.196e+004  5.196e+004 -3.361e+004 -3.361e+004 -3.361e+004 -3.361e+004 -6.691e-009
      26 -3.361e+004 -3.361e+004 -3.361e+004 -3.361e+004 -1.184e+005 -1.184e+005 -1.184e+005 -1.184e+005  2.613e-009
      27 -1.184e+005 -1.184e+005 -1.184e+005 -1.184e+005 -2.002e+005 -2.002e+005 -2.002e+005 -2.002e+005  1.625e-009
      28 -2.002e+005 -2.002e+005 -2.002e+005 -2.002e+005 -2.766e+005 -2.766e+005 -2.766e+005 -2.766e+005  5.332e-009
      29 -2.766e+005 -2.766e+005 -2.766e+005 -2.766e+005 -3.456e+005 -3.456e+005 -3.456e+005 -3.456e+005  2.410e-009
      30 -3.456e+005 -3.456e+005 -3.456e+005 -3.456e+005 -4.054e+005 -4.054e+005 -4.054e+005 -4.054e+005 -6.375e-009
      31 -4.054e+005 -4.054e+005 -4.054e+005 -4.054e+005 -4.543e+005 -4.543e+005 -4.543e+005 -4.543e+005  9.968e-010
      32 -4.543e+005 -4.543e+005 -4.543e+005 -4.543e+005 -4.909e+005 -4.909e+005 -4.909e+005 -4.909e+005  4.221e-009
      33 -5.948e+005 -5.948e+005 -5.948e+005 -5.948e+005 -6.260e+005 -6.260e+005 -6.260e+005 -6.260e+005 -6.080e-009
      34 -6.260e+005 -6.260e+005 -6.260e+005 -6.260e+005 -6.408e+005 -6.408e+005 -6.408e+005 -6.408e+005  3.390e-009
      35 -6.408e+005 -6.408e+005 -6.408e+005 -6.408e+005 -6.389e+005 -6.389e+005 -6.389e+005 -6.389e+005 -7.932e-010
      36 -6.389e+005 -6.389e+005 -6.389e+005 -6.389e+005 -6.208e+005 -6.208e+005 -6.208e+005 -6.208e+005 -3.558e-009
      37 -6.208e+005 -6.208e+005 -6.208e+005 -6.208e+005 -5.878e+005 -5.878e+005 -5.878e+005 -5.878e+005  3.281e-009
      38 -5.878e+005 -5.878e+005 -5.878e+005 -5.878e+005 -5.416e+005 -5.416e+005 -5.416e+005 -5.416e+005 -3.967e-009
      39 -6.262e+005 -6.262e+005 -6.262e+005 -6.262e+005 -5.619e+005 -5.619e+005 -5.619e+005 -5.619e+005  4.211e-009
      40 -5.619e+005 -5.619e+005 -5.619e+005 -5.619e+005 -4.908e+005 -4.908e+005 -4.908e+005 -4.908e+005  5.275e-009
      41 -4.908e+005 -4.908e+005 -4.908e+005 -4.908e+005 -4.159e+005 -4.159e+005 -4.159e+005 -4.159e+005 -5.347e-009
      42 -4.159e+005 -4.159e+005 -4.159e+005 -4.159e+005 -3.409e+005 -3.409e+005 -3.409e+005 -3.409e+005  5.429e-009
      43 -3.409e+005 -3.409e+005 -3.409e+005 -3.409e+005 -2.696e+005 -2.696e+005 -2.696e+005 -2.696e+005  1.832e-009
      44 -2.696e+005 -2.696e+005 -2.696e+005 -2.696e+005 -2.060e+005 -2.060e+005 -2.060e+005 -2.060e+005 -6.970e-009
      45 -2.717e+005 -2.717e+005 -2.717e+005 -2.717e+005 -1.987e+005 -1.987e+005 -1.987e+005 -1.987e+005 -1.453e-009
      46 -1.987e+005 -1.987e+005 -1.987e+005 -1.987e+005 -1.337e+005 -1.337e+005 -1.337e+005 -1.337e+005  5.770e-009
      47 -1.337e+005 -1.337e+005 -1.337e+005 -1.337e+005 -7.896e+004 -7.896e+004 -7.896e+004 -7.896e+004 -3.786e-009
      48 -7.896e+004 -7.896e+004 -7.896e+004 -7.896e+004 -3.687e+004 -3.687e+004 -3.687e+004 -3.687e+004  1.223e-008
      49 -3.687e+004 -3.687e+004 -3.687e+004 -3.687e+004 -9.782e+003 -9.782e+003 -9.782e+003 -9.782e+003  4.314e-009
      50 -9.782e+003 -9.782e+003 -9.782e+003 -9.782e+003 -3.042e-009 -3.042e-009 -3.042e-009 -3.042e-009 -9.366e-009
MODAL No:       10
ELEM No      SA1         SA2         SA3         SA4         SB1         SB2         SB3         SB4       AXIAL
       1 -1.725e-009 -1.725e-009 -1.725e-009 -1.725e-009  7.304e+003  7.304e+003  7.304e+003  7.304e+003 -7.204e-009
       2  7.304e+003  7.304e+003  7.304e+003  7.304e+003  2.722e+004  2.722e+004  2.722e+004  2.722e+004  1.386e-008
       3  2.722e+004  2.722e+004  2.722e+004  2.722e+004  5.766e+004  5.766e+004  5.766e+004  5.766e+004 -1.630e-009
       4  5.766e+004  5.766e+004  5.766e+004  5.766e+004  9.648e+004  9.648e+004  9.648e+004  9.648e+004 -8.351e-009
       5  9.648e+004  9.648e+004  9.648e+004  9.648e+004  1.415e+005  1.415e+005  1.415e+005  1.415e+005  2.837e-010
       6  1.415e+005  1.415e+005  1.415e+005  1.415e+005  1.905e+005  1.905e+005  1.905e+005  1.905e+005 -3.133e-009
       7  1.905e+005  1.905e+005  1.905e+005  1.905e+005  2.414e+005  2.414e+005  2.414e+005  2.414e+005  7.735e-009
       8  2.414e+005  2.414e+005  2.414e+005  2.414e+005  2.921e+005  2.921e+005  2.921e+005  2.921e+005 -9.501e-009
       9  2.921e+005  2.921e+005  2.921e+005  2.921e+005  3.406e+005  3.406e+005  3.406e+005  3.406e+005 -1.450e-008
      10  3.406e+005  3.406e+005  3.406e+005  3.406e+005  3.852e+005  3.852e+005  3.852e+005  3.852e+005  1.025e-008
      11  3.852e+005  3.852e+005  3.852e+005  3.852e+005  4.243e+005  4.243e+005  4.243e+005  4.243e+005  1.286e-008
      12  4.243e+005  4.243e+005  4.243e+005  4.243e+005  4.564e+005  4.564e+005  4.564e+005  4.564e+005  1.225e-008
      13  4.564e+005  4.564e+005  4.564e+005  4.564e+005  4.805e+005  4.805e+005  4.805e+005  4.805e+005 -7.325e-009
      14  4.805e+005  4.805e+005  4.805e+005  4.805e+005  4.957e+005  4.957e+005  4.957e+005  4.957e+005 -1.373e-009
      15  4.957e+005  4.957e+005  4.957e+005  4.957e+005  5.015e+005  5.015e+005  5.015e+005  5.015e+005  7.657e-009
      16  5.015e+005  5.015e+005  5.015e+005  5.015e+005  4.976e+005  4.976e+005  4.976e+005  4.976e+005  5.295e-009
      17  3.993e+005  3.993e+005  3.993e+005  3.993e+005  3.870e+005  3.870e+005  3.870e+005  3.870e+005 -1.454e-008
      18  3.870e+005  3.870e+005  3.870e+005  3.870e+005  3.640e+005  3.640e+005  3.640e+005  3.640e+005  5.187e-009
      19  3.640e+005  3.640e+005  3.640e+005  3.640e+005  3.310e+005  3.310e+005  3.310e+005  3.310e+005 -3.710e-009
      20  3.310e+005  3.310e+005  3.310e+005  3.310e+005  2.889e+005  2.889e+005  2.889e+005  2.889e+005 -2.050e-009
      21  2.889e+005  2.889e+005  2.889e+005  2.889e+005  2.388e+005  2.388e+005  2.388e+005  2.388e+005  1.641e-008
      22  2.388e+005  2.388e+005  2.388e+005  2.388e+005  1.823e+005  1.823e+005  1.823e+005  1.823e+005 -1.907e-008
      23  1.823e+005  1.823e+005  1.823e+005  1.823e+005  1.207e+005  1.207e+005  1.207e+005  1.207e+005  9.321e-009
      24  1.207e+005  1.207e+005  1.207e+005  1.207e+005  5.583e+004  5.583e+004  5.583e+004  5.583e+004 -3.624e-009
      25  5.583e+004  5.583e+004  5.583e+004  5.583e+004 -1.064e+004 -1.064e+004 -1.064e+004 -1.064e+004  2.395e-009
      26 -1.064e+004 -1.064e+004 -1.064e+004 -1.064e+004 -7.688e+004 -7.688e+004 -7.688e+004 -7.688e+004 -8.847e-009
      27 -7.688e+004 -7.688e+004 -7.688e+004 -7.688e+004 -1.411e+005 -1.411e+005 -1.411e+005 -1.411e+005  2.373e-009
      28 -1.411e+005 -1.411e+005 -1.411e+005 -1.411e+005 -2.016e+005 -2.016e+005 -2.016e+005 -2.016e+005 -2.171e-009
      29 -2.016e+005 -2.016e+005 -2.016e+005 -2.016e+005 -2.566e+005 -2.566e+005 -2.566e+005 -2.566e+005  2.432e-009
      30 -2.566e+005 -2.566e+005 -2.566e+005 -2.566e+005 -3.048e+005 -3.048e+005 -3.048e+005 -3.048e+005  3.638e-009
      31 -3.048e+005 -3.048e+005 -3.048e+005 -3.048e+005 -3.447e+005 -3.447e+005 -3.447e+005 -3.447e+005 -1.286e-008
      32 -3.447e+005 -3.447e+005 -3.447e+005 -3.447e+005 -3.754e+005 -3.754e+005 -3.754e+005 -3.754e+005  1.627e-008
      33 -4.874e+005 -4.874e+005 -4.874e+005 -4.874e+005 -5.167e+005 -5.167e+005 -5.167e+005 -5.167e+005 -8.536e-009
      34 -5.167e+005 -5.167e+005 -5.167e+005 -5.167e+005 -5.322e+005 -5.322e+005 -5.322e+005 -5.322e+005  1.230e-008
      35 -5.322e+005 -5.322e+005 -5.322e+005 -5.322e+005 -5.337e+005 -5.337e+005 -5.337e+005 -5.337e+005  1.341e-008
      36 -5.337e+005 -5.337e+005 -5.337e+005 -5.337e+005 -5.215e+005 -5.215e+005 -5.215e+005 -5.215e+005 -7.638e-009
      37 -5.215e+005 -5.215e+005 -5.215e+005 -5.215e+005 -4.963e+005 -4.963e+005 -4.963e+005 -4.963e+005  1.220e-010
      38 -4.963e+005 -4.963e+005 -4.963e+005 -4.963e+005 -4.596e+005 -4.596e+005 -4.596e+005 -4.596e+005 -9.717e-010
      39 -6.855e+005 -6.855e+005 -6.855e+005 -6.855e+005 -6.180e+005 -6.180e+005 -6.180e+005 -6.180e+005  3.389e-009
      40 -6.180e+005 -6.180e+005 -6.180e+005 -6.180e+005 -5.422e+005 -5.422e+005 -5.422e+005 -5.422e+005  4.485e-009
      41 -5.422e+005 -5.422e+005 -5.422e+005 -5.422e+005 -4.615e+005 -4.615e+005 -4.615e+005 -4.615e+005 -2.015e-009
      42 -4.615e+005 -4.615e+005 -4.615e+005 -4.615e+005 -3.798e+005 -3.798e+005 -3.798e+005 -3.798e+005 -2.094e-008
      43 -3.798e+005 -3.798e+005 -3.798e+005 -3.798e+005 -3.014e+005 -3.014e+005 -3.014e+005 -3.014e+005  1.790e-008
      44 -3.014e+005 -3.014e+005 -3.014e+005 -3.014e+005 -2.310e+005 -2.310e+005 -2.310e+005 -2.310e+005 -4.933e-010
      45 -3.666e+005 -3.666e+005 -3.666e+005 -3.666e+005 -2.685e+005 -2.685e+005 -2.685e+005 -2.685e+005  1.469e-008
      46 -2.685e+005 -2.685e+005 -2.685e+005 -2.685e+005 -1.807e+005 -1.807e+005 -1.807e+005 -1.807e+005 -9.422e-009
      47 -1.807e+005 -1.807e+005 -1.807e+005 -1.807e+005 -1.068e+005 -1.068e+005 -1.068e+005 -1.068e+005  1.105e-010
      48 -1.068e+005 -1.068e+005 -1.068e+005 -1.068e+005 -4.982e+004 -4.982e+004 -4.982e+004 -4.982e+004  7.927e-009
      49 -4.982e+004 -4.982e+004 -4.982e+004 -4.982e+004 -1.320e+004 -1.320e+004 -1.320e+004 -1.320e+004 -3.842e-009
      50 -1.320e+004 -1.320e+004 -1.320e+004 -1.320e+004  5.733e-010  5.733e-010  5.733e-010  5.733e-010  1.451e-008
MODAL No:       11
ELEM No      SA1         SA2         SA3         SA4         SB1         SB2         SB3         SB4       AXIAL
       1 -6.493e-009 -6.493e-009 -6.493e-009 -6.493e-009  3.131e+004  3.131e+004  3.131e+004  3.131e+004 -1.849e-007
       2  3.131e+004  3.131e+004  3.131e+004  3.131e+004  1.123e+005  1.123e+005  1.123e+005  1.123e+005 -6.826e-007
       3  1.123e+005  1.123e+005  1.123e+005  1.123e+005  2.297e+005  2.297e+005  2.297e+005  2.297e+005 -9.351e-007
       4  2.297e+005  2.297e+005  2.297e+005  2.297e+005  3.702e+005  3.702e+005  3.702e+005  3.702e+005 -1.270e-006
       5  3.702e+005  3.702e+005  3.702e+005  3.702e+005  5.210e+005  5.210e+005  5.210e+005  5.210e+005 -1.624e-006
       6  5.210e+005  5.210e+005  5.210e+005  5.210e+005  6.696e+005  6.696e+005  6.696e+005  6.696e+005 -1.688e-006
       7  6.696e+005  6.696e+005  6.696e+005  6.696e+005  8.049e+005  8.049e+005  8.049e+005  8.049e+005 -1.552e-006
       8  8.049e+005  8.049e+005  8.049e+005  8.049e+005  9.169e+005  9.169e+005  9.169e+005  9.169e+005 -1.615e-006
       9  9.169e+005  9.169e+005  9.169e+005  9.169e+005  9.975e+005  9.975e+005  9.975e+005  9.975e+005 -1.630e-006
      10  9.975e+005  9.975e+005  9.975e+005  9.975e+005  1.040e+006  1.040e+006  1.040e+006  1.040e+006 -1.662e-006
      11  1.040e+006  1.040e+006  1.040e+006  1.040e+006  1.042e+006  1.042e+006  1.042e+006  1.042e+006 -1.623e-006
      12  1.042e+006  1.042e+006  1.042e+006  1.042e+006  9.997e+005  9.997e+005  9.997e+005  9.997e+005 -1.389e-006
      13  9.997e+005  9.997e+005  9.997e+005  9.997e+005  9.148e+005  9.148e+005  9.148e+005  9.148e+005 -1.338e-006
      14  9.148e+005  9.148e+005  9.148e+005  9.148e+005  7.900e+005  7.900e+005  7.900e+005  7.900e+005 -1.413e-006
      15  7.900e+005  7.900e+005  7.900e+005  7.900e+005  6.300e+005  6.300e+005  6.300e+005  6.300e+005 -1.333e-006
      16  6.300e+005  6.300e+005  6.300e+005  6.300e+005  4.415e+005  4.415e+005  4.415e+005  4.415e+005 -1.252e-006
      17  3.768e+005  3.768e+005  3.768e+005  3.768e+005  1.973e+005  1.973e+005  1.973e+005  1.973e+005 -5.541e-007
      18  1.973e+005  1.973e+005  1.973e+005  1.973e+005  2.909e+003  2.909e+003  2.909e+003  2.909e+003 -2.366e-007
      19  2.909e+003  2.909e+003  2.909e+003  2.909e+003 -1.955e+005 -1.955e+005 -1.955e+005 -1.955e+005 -5.088e-008
      20 -1.955e+005 -1.955e+005 -1.955e+005 -1.955e+005 -3.871e+005 -3.871e+005 -3.871e+005 -3.871e+005  1.593e-007
      21 -3.871e+005 -3.871e+005 -3.871e+005 -3.871e+005 -5.616e+005 -5.616e+005 -5.616e+005 -5.616e+005  5.216e-007
      22 -5.616e+005 -5.616e+005 -5.616e+005 -5.616e+005 -7.095e+005 -7.095e+005 -7.095e+005 -7.095e+005  9.917e-007
      23 -7.095e+005 -7.095e+005 -7.095e+005 -7.095e+005 -8.229e+005 -8.229e+005 -8.229e+005 -8.229e+005  1.188e-006
      24 -8.229e+005 -8.229e+005 -8.229e+005 -8.229e+005 -8.959e+005 -8.959e+005 -8.959e+005 -8.959e+005  1.475e-006
      25 -8.959e+005 -8.959e+005 -8.959e+005 -8.959e+005 -9.244e+005 -9.244e+005 -9.244e+005 -9.244e+005  1.800e-006
      26 -9.244e+005 -9.244e+005 -9.244e+005 -9.244e+005 -9.070e+005 -9.070e+005 -9.070e+005 -9.070e+005  1.889e-006
      27 -9.070e+005 -9.070e+005 -9.070e+005 -9.070e+005 -8.446e+005 -8.446e+005 -8.446e+005 -8.446e+005  1.777e-006
      28 -8.446e+005 -8.446e+005 -8.446e+005 -8.446e+005 -7.403e+005 -7.403e+005 -7.403e+005 -7.403e+005  1.528e-006
      29 -7.403e+005 -7.403e+005 -7.403e+005 -7.403e+005 -5.998e+005 -5.998e+005 -5.998e+005 -5.998e+005  1.253e-006
      30 -5.998e+005 -5.998e+005 -5.998e+005 -5.998e+005 -4.302e+005 -4.302e+005 -4.302e+005 -4.302e+005  9.839e-007
      31 -4.302e+005 -4.302e+005 -4.302e+005 -4.302e+005 -2.408e+005 -2.408e+005 -2.408e+005 -2.408e+005  9.645e-007
      32 -2.408e+005 -2.408e+005 -2.408e+005 -2.408e+005 -4.140e+004 -4.140e+004 -4.140e+004 -4.140e+004  9.846e-007
      33 -5.016e+004 -5.016e+004 -5.016e+004 -5.016e+004  2.085e+005  2.085e+005  2.085e+005  2.085e+005  1.065e-006
      34  2.085e+005  2.085e+005  2.085e+005  2.085e+005  4.517e+005  4.517e+005  4.517e+005  4.517e+005  7.461e-007
      35  4.517e+005  4.517e+005  4.517e+005  4.517e+005  6.656e+005  6.656e+005  6.656e+005  6.656e+005  1.709e-007
      36  6.656e+005  6.656e+005  6.656e+005  6.656e+005  8.383e+005  8.383e+005  8.383e+005  8.383e+005 -2.506e-007
      37  8.383e+005  8.383e+005  8.383e+005  8.383e+005  9.603e+005  9.603e+005  9.603e+005  9.603e+005 -4.363e-007
      38  9.603e+005  9.603e+005  9.603e+005  9.603e+005  1.025e+006  1.025e+006  1.025e+006  1.025e+006 -5.268e-007
      39  1.185e+006  1.185e+006  1.185e+006  1.185e+006  1.199e+006  1.199e+006  1.199e+006  1.199e+006 -8.584e-007
      40  1.199e+006  1.199e+006  1.199e+006  1.199e+006  1.161e+006  1.161e+006  1.161e+006  1.161e+006 -1.039e-006
      41  1.161e+006  1.161e+006  1.161e+006  1.161e+006  1.077e+006  1.077e+006  1.077e+006  1.077e+006 -1.499e-006
      42  1.077e+006  1.077e+006  1.077e+006  1.077e+006  9.542e+005  9.542e+005  9.542e+005  9.542e+005 -1.815e-006
      43  9.542e+005  9.542e+005  9.542e+005  9.542e+005  8.044e+005  8.044e+005  8.044e+005  8.044e+005 -1.684e-006
      44  8.044e+005  8.044e+005  8.044e+005  8.044e+005  6.421e+005  6.421e+005  6.421e+005  6.421e+005 -1.378e-006
      45  8.469e+005  8.469e+005  8.469e+005  8.469e+005  6.367e+005  6.367e+005  6.367e+005  6.367e+005 -2.611e-006
      46  6.367e+005  6.367e+005  6.367e+005  6.367e+005  4.389e+005  4.389e+005  4.389e+005  4.389e+005 -2.075e-006
      47  4.389e+005  4.389e+005  4.389e+005  4.389e+005  2.650e+005  2.650e+005  2.650e+005  2.650e+005 -1.618e-006
      48  2.650e+005  2.650e+005  2.650e+005  2.650e+005  1.262e+005  1.262e+005  1.262e+005  1.262e+005 -1.281e-006
      49  1.262e+005  1.262e+005  1.262e+005  1.262e+005  3.419e+004  3.419e+004  3.419e+004  3.419e+004 -5.228e-007
      50  3.419e+004  3.419e+004  3.419e+004  3.419e+004  1.560e-009  1.560e-009  1.560e-009  1.560e-009 -1.173e-007
MODAL No:       12
ELEM No      SA1         SA2         SA3         SA4         SB1         SB2         SB3         SB4       AXIAL
       1  5.723e-009  5.723e-009  5.723e-009  5.723e-009  2.110e+004  2.110e+004  2.110e+004  2.110e+004  4.096e-008
       2  2.110e+004  2.110e+004  2.110e+004  2.110e+004  7.686e+004  7.686e+004  7.686e+004  7.686e+004 -4.569e-007
       3  7.686e+004  7.686e+004  7.686e+004  7.686e+004  1.590e+005  1.590e+005  1.590e+005  1.590e+005  1.900e-006
       4  1.590e+005  1.590e+005  1.590e+005  1.590e+005  2.588e+005  2.588e+005  2.588e+005  2.588e+005  4.464e-006
       5  2.588e+005  2.588e+005  2.588e+005  2.588e+005  3.675e+005  3.675e+005  3.675e+005  3.675e+005  5.600e-006
       6  3.675e+005  3.675e+005  3.675e+005  3.675e+005  4.762e+005  4.762e+005  4.762e+005  4.762e+005  6.798e-006
       7  4.762e+005  4.762e+005  4.762e+005  4.762e+005  5.769e+005  5.769e+005  5.769e+005  5.769e+005  9.921e-006
       8  5.769e+005  5.769e+005  5.769e+005  5.769e+005  6.621e+005  6.621e+005  6.621e+005  6.621e+005  9.492e-006
       9  6.621e+005  6.621e+005  6.621e+005  6.621e+005  7.257e+005  7.257e+005  7.257e+005  7.257e+005  9.823e-006
      10  7.257e+005  7.257e+005  7.257e+005  7.257e+005  7.628e+005  7.628e+005  7.628e+005  7.628e+005  1.036e-005
      11  7.628e+005  7.628e+005  7.628e+005  7.628e+005  7.701e+005  7.701e+005  7.701e+005  7.701e+005  9.238e-006
      12  7.701e+005  7.701e+005  7.701e+005  7.701e+005  7.460e+005  7.460e+005  7.460e+005  7.460e+005  7.964e-006
      13  7.460e+005  7.460e+005  7.460e+005  7.460e+005  6.906e+005  6.906e+005  6.906e+005  6.906e+005  4.602e-006
      14  6.906e+005  6.906e+005  6.906e+005  6.906e+005  6.059e+005  6.059e+005  6.059e+005  6.059e+005  1.019e-007
      15  6.059e+005  6.059e+005  6.059e+005  6.059e+005  4.952e+005  4.952e+005  4.952e+005  4.952e+005 -3.509e-006
      16  4.952e+005  4.952e+005  4.952e+005  4.952e+005  3.633e+005  3.633e+005  3.633e+005  3.633e+005 -6.560e-006
      17  2.915e+005  2.915e+005  2.915e+005  2.915e+005  1.726e+005  1.726e+005  1.726e+005  1.726e+005 -3.983e-006
      18  1.726e+005  1.726e+005  1.726e+005  1.726e+005  4.246e+004  4.246e+004  4.246e+004  4.246e+004 -4.117e-006
      19  4.246e+004  4.246e+004  4.246e+004  4.246e+004 -9.191e+004 -9.191e+004 -9.191e+004 -9.191e+004 -5.700e-006
      20 -9.191e+004 -9.191e+004 -9.191e+004 -9.191e+004 -2.235e+005 -2.235e+005 -2.235e+005 -2.235e+005 -8.017e-006
      21 -2.235e+005 -2.235e+005 -2.235e+005 -2.235e+005 -3.456e+005 -3.456e+005 -3.456e+005 -3.456e+005 -9.336e-006
      22 -3.456e+005 -3.456e+005 -3.456e+005 -3.456e+005 -4.517e+005 -4.517e+005 -4.517e+005 -4.517e+005 -8.573e-006
      23 -4.517e+005 -4.517e+005 -4.517e+005 -4.517e+005 -5.365e+005 -5.365e+005 -5.365e+005 -5.365e+005 -8.165e-006
      24 -5.365e+005 -5.365e+005 -5.365e+005 -5.365e+005 -5.957e+005 -5.957e+005 -5.957e+005 -5.957e+005 -6.628e-006
      25 -5.957e+005 -5.957e+005 -5.957e+005 -5.957e+005 -6.262e+005 -6.262e+005 -6.262e+005 -6.262e+005 -6.353e-006
      26 -6.262e+005 -6.262e+005 -6.262e+005 -6.262e+005 -6.264e+005 -6.264e+005 -6.264e+005 -6.264e+005 -6.429e-006
      27 -6.264e+005 -6.264e+005 -6.264e+005 -6.264e+005 -5.965e+005 -5.965e+005 -5.965e+005 -5.965e+005 -6.789e-006
      28 -5.965e+005 -5.965e+005 -5.965e+005 -5.965e+005 -5.379e+005 -5.379e+005 -5.379e+005 -5.379e+005 -7.602e-006
      29 -5.379e+005 -5.379e+005 -5.379e+005 -5.379e+005 -4.538e+005 -4.538e+005 -4.538e+005 -4.538e+005 -6.721e-006
      30 -4.538e+005 -4.538e+005 -4.538e+005 -4.538e+005 -3.485e+005 -3.485e+005 -3.485e+005 -3.485e+005 -5.653e-006
      31 -3.485e+005 -3.485e+005 -3.485e+005 -3.485e+005 -2.275e+005 -2.275e+005 -2.275e+005 -2.275e+005 -2.743e-006
      32 -2.275e+005 -2.275e+005 -2.275e+005 -2.275e+005 -9.717e+004 -9.717e+004 -9.717e+004 -9.717e+004  1.265e-006
      33 -1.262e+005 -1.262e+005 -1.262e+005 -1.262e+005  5.904e+004  5.904e+004  5.904e+004  5.904e+004  4.407e-006
      34  5.904e+004  5.904e+004  5.904e+004  5.904e+004  2.370e+005  2.370e+005  2.370e+005  2.370e+005  6.110e-006
      35  2.370e+005  2.370e+005  2.370e+005  2.370e+005  3.975e+005  3.975e+005  3.975e+005  3.975e+005  3.243e-006
      36  3.975e+005  3.975e+005  3.975e+005  3.975e+005  5.315e+005  5.315e+005  5.315e+005  5.315e+005  3.512e-006
      37  5.315e+005  5.315e+005  5.315e+005  5.315e+005  6.312e+005  6.312e+005  6.312e+005  6.312e+005  4.891e-006
      38  6.312e+005  6.312e+005  6.312e+005  6.312e+005  6.910e+005  6.910e+005  6.910e+005  6.910e+005  8.109e-006
      39  1.031e+006  1.031e+006  1.031e+006  1.031e+006  1.063e+006  1.063e+006  1.063e+006  1.063e+006  1.411e-005
      40  1.063e+006  1.063e+006  1.063e+006  1.063e+006  1.046e+006  1.046e+006  1.046e+006  1.046e+006  1.505e-005
      41  1.046e+006  1.046e+006  1.046e+006  1.046e+006  9.833e+005  9.833e+005  9.833e+005  9.833e+005  1.316e-005
      42  9.833e+005  9.833e+005  9.833e+005  9.833e+005  8.807e+005  8.807e+005  8.807e+005  8.807e+005  1.203e-005
      43  8.807e+005  8.807e+005  8.807e+005  8.807e+005  7.490e+005  7.490e+005  7.490e+005  7.490e+005  1.224e-005
      44  7.490e+005  7.490e+005  7.490e+005  7.490e+005  6.012e+005  6.012e+005  6.012e+005  6.012e+005  1.162e-005
      45  9.544e+005  9.544e+005  9.544e+005  9.544e+005  7.192e+005  7.192e+005  7.192e+005  7.192e+005  3.169e-005
      46  7.192e+005  7.192e+005  7.192e+005  7.192e+005  4.964e+005  4.964e+005  4.964e+005  4.964e+005  2.437e-005
      47  4.964e+005  4.964e+005  4.964e+005  4.964e+005  2.995e+005  2.995e+005  2.995e+005  2.995e+005  1.608e-005
      48  2.995e+005  2.995e+005  2.995e+005  2.995e+005  1.424e+005  1.424e+005  1.424e+005  1.424e+005  1.085e-005
      49  1.424e+005  1.424e+005  1.424e+005  1.424e+005  3.841e+004  3.841e+004  3.841e+004  3.841e+004  9.622e-006
      50  3.841e+004  3.841e+004  3.841e+004  3.841e+004  7.281e-009  7.281e-009  7.281e-009  7.281e-009  4.206e-006
MODAL No:       13
ELEM No      SA1         SA2         SA3         SA4         SB1         SB2         SB3         SB4       AXIAL
       1 -2.884e-009 -2.884e-009 -2.884e-009 -2.884e-009  7.248e+004  7.248e+004  7.248e+004  7.248e+004 -3.572e-004
       2  7.248e+004  7.248e+004  7.248e+004  7.248e+004  2.528e+005  2.528e+005  2.528e+005  2.528e+005 -8.659e-004
       3  2.528e+005  2.528e+005  2.528e+005  2.528e+005  5.025e+005  5.025e+005  5.025e+005  5.025e+005 -1.518e-003
       4  5.025e+005  5.025e+005  5.025e+005  5.025e+005  7.832e+005  7.832e+005  7.832e+005  7.832e+005 -1.768e-003
       5  7.832e+005  7.832e+005  7.832e+005  7.832e+005  1.058e+006  1.058e+006  1.058e+006  1.058e+006 -1.795e-003
       6  1.058e+006  1.058e+006  1.058e+006  1.058e+006  1.295e+006  1.295e+006  1.295e+006  1.295e+006 -1.734e-003
       7  1.295e+006  1.295e+006  1.295e+006  1.295e+006  1.466e+006  1.466e+006  1.466e+006  1.466e+006 -2.232e-003
       8  1.466e+006  1.466e+006  1.466e+006  1.466e+006  1.551e+006  1.551e+006  1.551e+006  1.551e+006 -2.229e-003
       9  1.551e+006  1.551e+006  1.551e+006  1.551e+006  1.536e+006  1.536e+006  1.536e+006  1.536e+006 -2.532e-003
      10  1.536e+006  1.536e+006  1.536e+006  1.536e+006  1.418e+006  1.418e+006  1.418e+006  1.418e+006 -2.712e-003
      11  1.418e+006  1.418e+006  1.418e+006  1.418e+006  1.202e+006  1.202e+006  1.202e+006  1.202e+006 -2.595e-003
      12  1.202e+006  1.202e+006  1.202e+006  1.202e+006  8.996e+005  8.996e+005  8.996e+005  8.996e+005 -2.339e-003
      13  8.996e+005  8.996e+005  8.996e+005  8.996e+005  5.301e+005  5.301e+005  5.301e+005  5.301e+005 -1.648e-003
      14  5.301e+005  5.301e+005  5.301e+005  5.301e+005  1.180e+005  1.180e+005  1.180e+005  1.180e+005 -6.609e-004
      15  1.180e+005  1.180e+005  1.180e+005  1.180e+005 -3.094e+005 -3.094e+005 -3.094e+005 -3.094e+005  4.132e-004
      16 -3.094e+005 -3.094e+005 -3.094e+005 -3.094e+005 -7.239e+005 -7.239e+005 -7.239e+005 -7.239e+005  1.333e-003
      17 -6.177e+005 -6.177e+005 -6.177e+005 -6.177e+005 -9.251e+005 -9.251e+005 -9.251e+005 -9.251e+005  1.113e-003
      18 -9.251e+005 -9.251e+005 -9.251e+005 -9.251e+005 -1.159e+006 -1.159e+006 -1.159e+006 -1.159e+006  1.454e-003
      19 -1.159e+006 -1.159e+006 -1.159e+006 -1.159e+006 -1.299e+006 -1.299e+006 -1.299e+006 -1.299e+006  1.889e-003
      20 -1.299e+006 -1.299e+006 -1.299e+006 -1.299e+006 -1.335e+006 -1.335e+006 -1.335e+006 -1.335e+006  2.211e-003
      21 -1.335e+006 -1.335e+006 -1.335e+006 -1.335e+006 -1.264e+006 -1.264e+006 -1.264e+006 -1.264e+006  2.227e-003
      22 -1.264e+006 -1.264e+006 -1.264e+006 -1.264e+006 -1.090e+006 -1.090e+006 -1.090e+006 -1.090e+006  2.229e-003
      23 -1.090e+006 -1.090e+006 -1.090e+006 -1.090e+006 -8.291e+005 -8.291e+005 -8.291e+005 -8.291e+005  2.398e-003
      24 -8.291e+005 -8.291e+005 -8.291e+005 -8.291e+005 -5.013e+005 -5.013e+005 -5.013e+005 -5.013e+005  2.501e-003
      25 -5.013e+005 -5.013e+005 -5.013e+005 -5.013e+005 -1.337e+005 -1.337e+005 -1.337e+005 -1.337e+005  2.403e-003
      26 -1.337e+005 -1.337e+005 -1.337e+005 -1.337e+005  2.436e+005  2.436e+005  2.436e+005  2.436e+005  2.335e-003
      27  2.436e+005  2.436e+005  2.436e+005  2.436e+005  5.997e+005  5.997e+005  5.997e+005  5.997e+005  2.432e-003
      28  5.997e+005  5.997e+005  5.997e+005  5.997e+005  9.053e+005  9.053e+005  9.053e+005  9.053e+005  2.490e-003
      29  9.053e+005  9.053e+005  9.053e+005  9.053e+005  1.135e+006  1.135e+006  1.135e+006  1.135e+006  2.166e-003
      30  1.135e+006  1.135e+006  1.135e+006  1.135e+006  1.270e+006  1.270e+006  1.270e+006  1.270e+006  1.700e-003
      31  1.270e+006  1.270e+006  1.270e+006  1.270e+006  1.298e+006  1.298e+006  1.298e+006  1.298e+006  7.228e-004
      32  1.298e+006  1.298e+006  1.298e+006  1.298e+006  1.216e+006  1.216e+006  1.216e+006  1.216e+006 -2.470e-004
      33  1.473e+006  1.473e+006  1.473e+006  1.473e+006  1.235e+006  1.235e+006  1.235e+006  1.235e+006 -1.182e-003
      34  1.235e+006  1.235e+006  1.235e+006  1.235e+006  8.919e+005  8.919e+005  8.919e+005  8.919e+005 -1.799e-003
      35  8.919e+005  8.919e+005  8.919e+005  8.919e+005  4.749e+005  4.749e+005  4.749e+005  4.749e+005 -1.661e-003
      36  4.749e+005  4.749e+005  4.749e+005  4.749e+005  2.318e+004  2.318e+004  2.318e+004  2.318e+004 -1.746e-003
      37  2.318e+004  2.318e+004  2.318e+004  2.318e+004 -4.196e+005 -4.196e+005 -4.196e+005 -4.196e+005 -2.225e-003
      38 -4.196e+005 -4.196e+005 -4.196e+005 -4.196e+005 -8.100e+005 -8.100e+005 -8.100e+005 -8.100e+005 -2.798e-003
      39 -9.365e+005 -9.365e+005 -9.365e+005 -9.365e+005 -1.295e+006 -1.295e+006 -1.295e+006 -1.295e+006 -4.423e-003
      40 -1.295e+006 -1.295e+006 -1.295e+006 -1.295e+006 -1.544e+006 -1.544e+006 -1.544e+006 -1.544e+006 -4.768e-003
      41 -1.544e+006 -1.544e+006 -1.544e+006 -1.544e+006 -1.667e+006 -1.667e+006 -1.667e+006 -1.667e+006 -4.216e-003
      42 -1.667e+006 -1.667e+006 -1.667e+006 -1.667e+006 -1.658e+006 -1.658e+006 -1.658e+006 -1.658e+006 -3.541e-003
      43 -1.658e+006 -1.658e+006 -1.658e+006 -1.658e+006 -1.523e+006 -1.523e+006 -1.523e+006 -1.523e+006 -3.315e-003
      44 -1.523e+006 -1.523e+006 -1.523e+006 -1.523e+006 -1.286e+006 -1.286e+006 -1.286e+006 -1.286e+006 -2.765e-003
      45 -1.696e+006 -1.696e+006 -1.696e+006 -1.696e+006 -1.319e+006 -1.319e+006 -1.319e+006 -1.319e+006 -6.246e-003
      46 -1.319e+006 -1.319e+006 -1.319e+006 -1.319e+006 -9.361e+005 -9.361e+005 -9.361e+005 -9.361e+005 -4.592e-003
      47 -9.361e+005 -9.361e+005 -9.361e+005 -9.361e+005 -5.790e+005 -5.790e+005 -5.790e+005 -5.790e+005 -3.234e-003
      48 -5.790e+005 -5.790e+005 -5.790e+005 -5.790e+005 -2.816e+005 -2.816e+005 -2.816e+005 -2.816e+005 -2.138e-003
      49 -2.816e+005 -2.816e+005 -2.816e+005 -2.816e+005 -7.777e+004 -7.777e+004 -7.777e+004 -7.777e+004 -1.751e-003
      50 -7.777e+004 -7.777e+004 -7.777e+004 -7.777e+004  2.016e-009  2.016e-009  2.016e-009  2.016e-009 -6.991e-004
