NODE(STRESSES)     ELEM    MODAL ELEM(BEAM)
       0           50       6        50      
MODAL No:        7
NODE(ELEM) No             Z1                                  Z2                                 MID
       1  9.887e-010  9.887e-010  9.887e-010  9.887e-010  1.588e+003  1.588e+003  1.588e+003  1.588e+003  4.845e-011
       2  1.588e+003  1.588e+003  1.588e+003  1.588e+003  6.066e+003  6.066e+003  6.066e+003  6.066e+003  6.499e-010
       3  6.066e+003  6.066e+003  6.066e+003  6.066e+003  1.314e+004  1.314e+004  1.314e+004  1.314e+004 -1.655e-009
       4  1.314e+004  1.314e+004  1.314e+004  1.314e+004  2.254e+004  2.254e+004  2.254e+004  2.254e+004  1.901e-009
       5  2.254e+004  2.254e+004  2.254e+004  2.254e+004  3.395e+004  3.395e+004  3.395e+004  3.395e+004 -2.989e-010
       6  3.395e+004  3.395e+004  3.395e+004  3.395e+004  4.711e+004  4.711e+004  4.711e+004  4.711e+004  4.249e-010
       7  4.711e+004  4.711e+004  4.711e+004  4.711e+004  6.172e+004  6.172e+004  6.172e+004  6.172e+004 -1.636e-009
       8  6.172e+004  6.172e+004  6.172e+004  6.172e+004  7.751e+004  7.751e+004  7.751e+004  7.751e+004  1.180e-009
       9  7.751e+004  7.751e+004  7.751e+004  7.751e+004  9.420e+004  9.420e+004  9.420e+004  9.420e+004 -7.527e-010
      10  9.420e+004  9.420e+004  9.420e+004  9.420e+004  1.115e+005  1.115e+005  1.115e+005  1.115e+005  6.089e-010
      11  1.115e+005  1.115e+005  1.115e+005  1.115e+005  1.292e+005  1.292e+005  1.292e+005  1.292e+005 -8.282e-010
      12  1.292e+005  1.292e+005  1.292e+005  1.292e+005  1.470e+005  1.470e+005  1.470e+005  1.470e+005  1.026e-009
      13  1.470e+005  1.470e+005  1.470e+005  1.470e+005  1.648e+005  1.648e+005  1.648e+005  1.648e+005  2.614e-010
      14  1.648e+005  1.648e+005  1.648e+005  1.648e+005  1.821e+005  1.821e+005  1.821e+005  1.821e+005  8.909e-010
      15  1.821e+005  1.821e+005  1.821e+005  1.821e+005  1.990e+005  1.990e+005  1.990e+005  1.990e+005 -1.400e-009
      16  1.990e+005  1.990e+005  1.990e+005  1.990e+005  2.151e+005  2.151e+005  2.151e+005  2.151e+005 -2.999e-010
      17  1.835e+005  1.835e+005  1.835e+005  1.835e+005  1.961e+005  1.961e+005  1.961e+005  1.961e+005  2.256e-009
      18  1.961e+005  1.961e+005  1.961e+005  1.961e+005  2.074e+005  2.074e+005  2.074e+005  2.074e+005 -1.166e-009
      19  2.074e+005  2.074e+005  2.074e+005  2.074e+005  2.173e+005  2.173e+005  2.173e+005  2.173e+005 -2.817e-010
      20  2.173e+005  2.173e+005  2.173e+005  2.173e+005  2.255e+005  2.255e+005  2.255e+005  2.255e+005  3.423e-010
      21  2.255e+005  2.255e+005  2.255e+005  2.255e+005  2.320e+005  2.320e+005  2.320e+005  2.320e+005 -3.433e-010
      22  2.320e+005  2.320e+005  2.320e+005  2.320e+005  2.368e+005  2.368e+005  2.368e+005  2.368e+005  2.107e-010
      23  2.368e+005  2.368e+005  2.368e+005  2.368e+005  2.397e+005  2.397e+005  2.397e+005  2.397e+005 -7.326e-010
      24  2.397e+005  2.397e+005  2.397e+005  2.397e+005  2.407e+005  2.407e+005  2.407e+005  2.407e+005  6.972e-010
      25  2.407e+005  2.407e+005  2.407e+005  2.407e+005  2.398e+005  2.398e+005  2.398e+005  2.398e+005  3.238e-010
      26  2.398e+005  2.398e+005  2.398e+005  2.398e+005  2.370e+005  2.370e+005  2.370e+005  2.370e+005 -3.591e-010
      27  2.370e+005  2.370e+005  2.370e+005  2.370e+005  2.324e+005  2.324e+005  2.324e+005  2.324e+005 -1.351e-010
      28  2.324e+005  2.324e+005  2.324e+005  2.324e+005  2.260e+005  2.260e+005  2.260e+005  2.260e+005  2.361e-010
      29  2.260e+005  2.260e+005  2.260e+005  2.260e+005  2.179e+005  2.179e+005  2.179e+005  2.179e+005  4.757e-010
      30  2.179e+005  2.179e+005  2.179e+005  2.179e+005  2.083e+005  2.083e+005  2.083e+005  2.083e+005  1.248e-009
      31  2.083e+005  2.083e+005  2.083e+005  2.083e+005  1.973e+005  1.973e+005  1.973e+005  1.973e+005 -1.120e-009
      32  1.973e+005  1.973e+005  1.973e+005  1.973e+005  1.850e+005  1.850e+005  1.850e+005  1.850e+005  1.481e-010
      33  2.242e+005  2.242e+005  2.242e+005  2.242e+005  2.069e+005  2.069e+005  2.069e+005  2.069e+005 -3.267e-010
      34  2.069e+005  2.069e+005  2.069e+005  2.069e+005  1.887e+005  1.887e+005  1.887e+005  1.887e+005  8.177e-010
      35  1.887e+005  1.887e+005  1.887e+005  1.887e+005  1.699e+005  1.699e+005  1.699e+005  1.699e+005 -5.909e-010
      36  1.699e+005  1.699e+005  1.699e+005  1.699e+005  1.507e+005  1.507e+005  1.507e+005  1.507e+005  1.173e-009
      37  1.507e+005  1.507e+005  1.507e+005  1.507e+005  1.317e+005  1.317e+005  1.317e+005  1.317e+005 -2.226e-010
      38  1.317e+005  1.317e+005  1.317e+005  1.317e+005  1.130e+005  1.130e+005  1.130e+005  1.130e+005 -1.483e-009
      39  1.307e+005  1.307e+005  1.307e+005  1.307e+005  1.100e+005  1.100e+005  1.100e+005  1.100e+005  1.058e-009
      40  1.100e+005  1.100e+005  1.100e+005  1.100e+005  9.045e+004  9.045e+004  9.045e+004  9.045e+004  6.435e-010
      41  9.045e+004  9.045e+004  9.045e+004  9.045e+004  7.242e+004  7.242e+004  7.242e+004  7.242e+004  2.173e-010
      42  7.242e+004  7.242e+004  7.242e+004  7.242e+004  5.629e+004  5.629e+004  5.629e+004  5.629e+004 -2.444e-010
      43  5.629e+004  5.629e+004  5.629e+004  5.629e+004  4.248e+004  4.248e+004  4.248e+004  4.248e+004  1.098e-010
      44  4.248e+004  4.248e+004  4.248e+004  4.248e+004  3.141e+004  3.141e+004  3.141e+004  3.141e+004 -8.625e-011
      45  4.143e+004  4.143e+004  4.143e+004  4.143e+004  2.965e+004  2.965e+004  2.965e+004  2.965e+004 -1.371e-009
      46  2.965e+004  2.965e+004  2.965e+004  2.965e+004  1.954e+004  1.954e+004  1.954e+004  1.954e+004  9.131e-010
      47  1.954e+004  1.954e+004  1.954e+004  1.954e+004  1.132e+004  1.132e+004  1.132e+004  1.132e+004 -1.049e-010
      48  1.132e+004  1.132e+004  1.132e+004  1.132e+004  5.190e+003  5.190e+003  5.190e+003  5.190e+003 -5.860e-010
      49  5.190e+003  5.190e+003  5.190e+003  5.190e+003  1.348e+003  1.348e+003  1.348e+003  1.348e+003 -2.810e-010
      50  1.348e+003  1.348e+003  1.348e+003  1.348e+003 -1.596e-009 -1.596e-009 -1.596e-009 -1.596e-009  5.755e-010
MODAL No:        8
NODE(ELEM) No             Z1                                  Z2                                 MID
       1  6.637e-010  6.637e-010  6.637e-010  6.637e-010  1.519e+003  1.519e+003  1.519e+003  1.519e+003 -1.218e-009
       2  1.519e+003  1.519e+003  1.519e+003  1.519e+003  5.814e+003  5.814e+003  5.814e+003  5.814e+003 -6.054e-010
       3  5.814e+003  5.814e+003  5.814e+003  5.814e+003  1.262e+004  1.262e+004  1.262e+004  1.262e+004 -3.032e-010
       4  1.262e+004  1.262e+004  1.262e+004  1.262e+004  2.166e+004  2.166e+004  2.166e+004  2.166e+004  1.629e-009
       5  2.166e+004  2.166e+004  2.166e+004  2.166e+004  3.267e+004  3.267e+004  3.267e+004  3.267e+004 -7.002e-010
       6  3.267e+004  3.267e+004  3.267e+004  3.267e+004  4.538e+004  4.538e+004  4.538e+004  4.538e+004  9.779e-010
       7  4.538e+004  4.538e+004  4.538e+004  4.538e+004  5.951e+004  5.951e+004  5.951e+004  5.951e+004  3.025e-010
       8  5.951e+004  5.951e+004  5.951e+004  5.951e+004  7.480e+004  7.480e+004  7.480e+004  7.480e+004  6.002e-010
       9  7.480e+004  7.480e+004  7.480e+004  7.480e+004  9.098e+004  9.098e+004  9.098e+004  9.098e+004 -3.422e-010
      10  9.098e+004  9.098e+004  9.098e+004  9.098e+004  1.078e+005  1.078e+005  1.078e+005  1.078e+005 -4.015e-012
      11  1.078e+005  1.078e+005  1.078e+005  1.078e+005  1.250e+005  1.250e+005  1.250e+005  1.250e+005 -4.756e-010
      12  1.250e+005  1.250e+005  1.250e+005  1.250e+005  1.423e+005  1.423e+005  1.423e+005  1.423e+005 -3.914e-011
      13  1.423e+005  1.423e+005  1.423e+005  1.423e+005  1.595e+005  1.595e+005  1.595e+005  1.595e+005  5.405e-010
      14  1.595e+005  1.595e+005  1.595e+005  1.595e+005  1.764e+005  1.764e+005  1.764e+005  1.764e+005 -3.868e-010
      15  1.764e+005  1.764e+005  1.764e+005  1.764e+005  1.928e+005  1.928e+005  1.928e+005  1.928e+005 -7.450e-010
      16  1.928e+005  1.928e+005  1.928e+005  1.928e+005  2.084e+005  2.084e+005  2.084e+005  2.084e+005  8.233e-010
      17  1.672e+005  1.672e+005  1.672e+005  1.672e+005  1.787e+005  1.787e+005  1.787e+005  1.787e+005  5.351e-010
      18  1.787e+005  1.787e+005  1.787e+005  1.787e+005  1.891e+005  1.891e+005  1.891e+005  1.891e+005 -1.325e-010
      19  1.891e+005  1.891e+005  1.891e+005  1.891e+005  1.981e+005  1.981e+005  1.981e+005  1.981e+005  8.092e-010
      20  1.981e+005  1.981e+005  1.981e+005  1.981e+005  2.056e+005  2.056e+005  2.056e+005  2.056e+005  3.422e-010
      21  2.056e+005  2.056e+005  2.056e+005  2.056e+005  2.116e+005  2.116e+005  2.116e+005  2.116e+005 -1.407e-009
      22  2.116e+005  2.116e+005  2.116e+005  2.116e+005  2.160e+005  2.160e+005  2.160e+005  2.160e+005  8.359e-010
      23  2.160e+005  2.160e+005  2.160e+005  2.160e+005  2.187e+005  2.187e+005  2.187e+005  2.187e+005 -6.989e-010
      24  2.187e+005  2.187e+005  2.187e+005  2.187e+005  2.196e+005  2.196e+005  2.196e+005  2.196e+005  5.571e-010
      25  2.196e+005  2.196e+005  2.196e+005  2.196e+005  2.189e+005  2.189e+005  2.189e+005  2.189e+005  1.378e-009
      26  2.189e+005  2.189e+005  2.189e+005  2.189e+005  2.164e+005  2.164e+005  2.164e+005  2.164e+005 -1.132e-009
      27  2.164e+005  2.164e+005  2.164e+005  2.164e+005  2.122e+005  2.122e+005  2.122e+005  2.122e+005 -6.155e-011
      28  2.122e+005  2.122e+005  2.122e+005  2.122e+005  2.065e+005  2.065e+005  2.065e+005  2.065e+005  1.608e-009
      29  2.065e+005  2.065e+005  2.065e+005  2.065e+005  1.992e+005  1.992e+005  1.992e+005  1.992e+005 -1.145e-009
      30  1.992e+005  1.992e+005  1.992e+005  1.992e+005  1.905e+005  1.905e+005  1.905e+005  1.905e+005 -6.607e-010
      31  1.905e+005  1.905e+005  1.905e+005  1.905e+005  1.805e+005  1.805e+005  1.805e+005  1.805e+005  5.114e-010
      32  1.805e+005  1.805e+005  1.805e+005  1.805e+005  1.694e+005  1.694e+005  1.694e+005  1.694e+005 -3.781e-010
      33  2.200e+005  2.200e+005  2.200e+005  2.200e+005  2.032e+005  2.032e+005  2.032e+005  2.032e+005 -8.043e-010
      34  2.032e+005  2.032e+005  2.032e+005  2.032e+005  1.855e+005  1.855e+005  1.855e+005  1.855e+005  3.358e-010
      35  1.855e+005  1.855e+005  1.855e+005  1.855e+005  1.671e+005  1.671e+005  1.671e+005  1.671e+005 -7.273e-010
      36  1.671e+005  1.671e+005  1.671e+005  1.671e+005  1.484e+005  1.484e+005  1.484e+005  1.484e+005  1.856e-009
      37  1.484e+005  1.484e+005  1.484e+005  1.484e+005  1.297e+005  1.297e+005  1.297e+005  1.297e+005  1.026e-009
      38  1.297e+005  1.297e+005  1.297e+005  1.297e+005  1.115e+005  1.115e+005  1.115e+005  1.115e+005 -3.690e-010
      39  1.663e+005  1.663e+005  1.663e+005  1.663e+005  1.401e+005  1.401e+005  1.401e+005  1.401e+005  1.503e-009
      40  1.401e+005  1.401e+005  1.401e+005  1.401e+005  1.153e+005  1.153e+005  1.153e+005  1.153e+005  4.931e-011
      41  1.153e+005  1.153e+005  1.153e+005  1.153e+005  9.241e+004  9.241e+004  9.241e+004  9.241e+004  2.519e-010
      42  9.241e+004  9.241e+004  9.241e+004  9.241e+004  7.190e+004  7.190e+004  7.190e+004  7.190e+004  2.206e-009
      43  7.190e+004  7.190e+004  7.190e+004  7.190e+004  5.432e+004  5.432e+004  5.432e+004  5.432e+004 -1.199e-009
      44  5.432e+004  5.432e+004  5.432e+004  5.432e+004  4.019e+004  4.019e+004  4.019e+004  4.019e+004 -2.948e-010
      45  6.380e+004  6.380e+004  6.380e+004  6.380e+004  4.567e+004  4.567e+004  4.567e+004  4.567e+004  9.423e-010
      46  4.567e+004  4.567e+004  4.567e+004  4.567e+004  3.012e+004  3.012e+004  3.012e+004  3.012e+004  5.341e-010
      47  3.012e+004  3.012e+004  3.012e+004  3.012e+004  1.745e+004  1.745e+004  1.745e+004  1.745e+004  1.502e-009
      48  1.745e+004  1.745e+004  1.745e+004  1.745e+004  7.998e+003  7.998e+003  7.998e+003  7.998e+003  2.174e-009
      49  7.998e+003  7.998e+003  7.998e+003  7.998e+003  2.077e+003  2.077e+003  2.077e+003  2.077e+003  5.863e-010
      50  2.077e+003  2.077e+003  2.077e+003  2.077e+003  3.872e-010  3.872e-010  3.872e-010  3.872e-010  2.411e-009
MODAL No:        9
NODE(ELEM) No             Z1                                  Z2                                 MID
       1 -7.299e-010 -7.299e-010 -7.299e-010 -7.299e-010  9.283e+003  9.283e+003  9.283e+003  9.283e+003 -3.923e-009
       2  9.283e+003  9.283e+003  9.283e+003  9.283e+003  3.433e+004  3.433e+004  3.433e+004  3.433e+004  5.099e-009
       3  3.433e+004  3.433e+004  3.433e+004  3.433e+004  7.230e+004  7.230e+004  7.230e+004  7.230e+004 -1.072e-008
       4  7.230e+004  7.230e+004  7.230e+004  7.230e+004  1.204e+005  1.204e+005  1.204e+005  1.204e+005  1.964e-009
       5  1.204e+005  1.204e+005  1.204e+005  1.204e+005  1.757e+005  1.757e+005  1.757e+005  1.757e+005  2.283e-009
       6  1.757e+005  1.757e+005  1.757e+005  1.757e+005  2.356e+005  2.356e+005  2.356e+005  2.356e+005  3.722e-009
       7  2.356e+005  2.356e+005  2.356e+005  2.356e+005  2.973e+005  2.973e+005  2.973e+005  2.973e+005  2.213e-009
       8  2.973e+005  2.973e+005  2.973e+005  2.973e+005  3.584e+005  3.584e+005  3.584e+005  3.584e+005  5.266e-009
       9  3.584e+005  3.584e+005  3.584e+005  3.584e+005  4.164e+005  4.164e+005  4.164e+005  4.164e+005  2.329e-009
      10  4.164e+005  4.164e+005  4.164e+005  4.164e+005  4.693e+005  4.693e+005  4.693e+005  4.693e+005 -9.720e-009
      11  4.693e+005  4.693e+005  4.693e+005  4.693e+005  5.151e+005  5.151e+005  5.151e+005  5.151e+005  2.109e-009
      12  5.151e+005  5.151e+005  5.151e+005  5.151e+005  5.522e+005  5.522e+005  5.522e+005  5.522e+005 -8.280e-009
      13  5.522e+005  5.522e+005  5.522e+005  5.522e+005  5.793e+005  5.793e+005  5.793e+005  5.793e+005  1.317e-008
      14  5.793e+005  5.793e+005  5.793e+005  5.793e+005  5.955e+005  5.955e+005  5.955e+005  5.955e+005 -4.247e-009
      15  5.955e+005  5.955e+005  5.955e+005  5.955e+005  6.002e+005  6.002e+005  6.002e+005  6.002e+005 -1.987e-010
      16  6.002e+005  6.002e+005  6.002e+005  6.002e+005  5.931e+005  5.931e+005  5.931e+005  5.931e+005  1.191e-009
      17  5.061e+005  5.061e+005  5.061e+005  5.061e+005  4.881e+005  4.881e+005  4.881e+005  4.881e+005 -4.934e-009
      18  4.881e+005  4.881e+005  4.881e+005  4.881e+005  4.565e+005  4.565e+005  4.565e+005  4.565e+005 -1.655e-009
      19  4.565e+005  4.565e+005  4.565e+005  4.565e+005  4.120e+005  4.120e+005  4.120e+005  4.120e+005  6.762e-009
      20  4.120e+005  4.120e+005  4.120e+005  4.120e+005  3.560e+005  3.560e+005  3.560e+005  3.560e+005 -2.922e-009
      21  3.560e+005  3.560e+005  3.560e+005  3.560e+005  2.901e+005  2.901e+005  2.901e+005  2.901e+005  5.490e-009
      22  2.901e+005  2.901e+005  2.901e+005  2.901e+005  2.161e+005  2.161e+005  2.161e+005  2.161e+005 -9.137e-009
      23  2.161e+005  2.161e+005  2.161e+005  2.161e+005  1.360e+005  1.360e+005  1.360e+005  1.360e+005 -3.373e-009
      24  1.360e+005  1.360e+005  1.360e+005  1.360e+005  5.196e+004  5.196e+004  5.196e+004  5.196e+004  5.440e-009
      25  5.196e+004  5.196e+004  5.196e+004  5.196e+004 -3.361e+004 -3.361e+004 -3.361e+004 -3.361e+004 -6.691e-009
      26 -3.361e+004 -3.361e+004 -3.361e+004 -3.361e+004 -1.184e+005 -1.184e+005 -1.184e+005 -1.184e+005  2.613e-009
      27 -1.184e+005 -1.184e+005 -1.184e+005 -1.184e+005 -2.002e+005 -2.002e+005 -2.002e+005 -2.002e+005  1.625e-009
      28 -2.002e+005 -2.002e+005 -2.002e+005 -2.002e+005 -2.766e+005 -2.766e+005 -2.766e+005 -2.766e+005  5.332e-009
      29 -2.766e+005 -2.766e+005 -2.766e+005 -2.766e+005 -3.456e+005 -3.456e+005 -3.456e+005 -3.456e+005  2.410e-009
      30 -3.456e+005 -3.456e+005 -3.456e+005 -3.456e+005 -4.054e+005 -4.054e+005 -4.054e+005 -4.054e+005 -6.375e-009
      31 -4.054e+005 -4.054e+005 -4.054e+005 -4.054e+005 -4.543e+005 -4.543e+005 -4.543e+005 -4.543e+005  9.968e-010
      32 -4.543e+005 -4.543e+005 -4.543e+005 -4.543e+005 -4.909e+005 -4.909e+005 -4.909e+005 -4.909e+005  4.221e-009
      33 -5.948e+005 -5.948e+005 -5.948e+005 -5.948e+005 -6.260e+005 -6.260e+005 -6.260e+005 -6.260e+005 -6.080e-009
      34 -6.260e+005 -6.260e+005 -6.260e+005 -6.260e+005 -6.408e+005 -6.408e+005 -6.408e+005 -6.408e+005  3.390e-009
      35 -6.408e+005 -6.408e+005 -6.408e+005 -6.408e+005 -6.389e+005 -6.389e+005 -6.389e+005 -6.389e+005 -7.932e-010
      36 -6.389e+005 -6.389e+005 -6.389e+005 -6.389e+005 -6.208e+005 -6.208e+005 -6.208e+005 -6.208e+005 -3.558e-009
      37 -6.208e+005 -6.208e+005 -6.208e+005 -6.208e+005 -5.878e+005 -5.878e+005 -5.878e+005 -5.878e+005  3.281e-009
      38 -5.878e+005 -5.878e+005 -5.878e+005 -5.878e+005 -5.416e+005 -5.416e+005 -5.416e+005 -5.416e+005 -3.967e-009
      39 -6.262e+005 -6.262e+005 -6.262e+005 -6.262e+005 -5.619e+005 -5.619e+005 -5.619e+005 -5.619e+005  4.211e-009
      40 -5.619e+005 -5.619e+005 -5.619e+005 -5.619e+005 -4.908e+005 -4.908e+005 -4.908e+005 -4.908e+005  5.275e-009
      41 -4.908e+005 -4.908e+005 -4.908e+005 -4.908e+005 -4.159e+005 -4.159e+005 -4.159e+005 -4.159e+005 -5.347e-009
      42 -4.159e+005 -4.159e+005 -4.159e+005 -4.159e+005 -3.409e+005 -3.409e+005 -3.409e+005 -3.409e+005  5.429e-009
      43 -3.409e+005 -3.409e+005 -3.409e+005 -3.409e+005 -2.696e+005 -2.696e+005 -2.696e+005 -2.696e+005  1.832e-009
      44 -2.696e+005 -2.696e+005 -2.696e+005 -2.696e+005 -2.060e+005 -2.060e+005 -2.060e+005 -2.060e+005 -6.970e-009
      45 -2.717e+005 -2.717e+005 -2.717e+005 -2.717e+005 -1.987e+005 -1.987e+005 -1.987e+005 -1.987e+005 -1.453e-009
      46 -1.987e+005 -1.987e+005 -1.987e+005 -1.987e+005 -1.337e+005 -1.337e+005 -1.337e+005 -1.337e+005  5.770e-009
      47 -1.337e+005 -1.337e+005 -1.337e+005 -1.337e+005 -7.896e+004 -7.896e+004 -7.896e+004 -7.896e+004 -3.786e-009
      48 -7.896e+004 -7.896e+004 -7.896e+004 -7.896e+004 -3.687e+004 -3.687e+004 -3.687e+004 -3.687e+004  1.223e-008
      49 -3.687e+004 -3.687e+004 -3.687e+004 -3.687e+004 -9.782e+003 -9.782e+003 -9.782e+003 -9.782e+003  4.314e-009
      50 -9.782e+003 -9.782e+003 -9.782e+003 -9.782e+003 -3.042e-009 -3.042e-009 -3.042e-009 -3.042e-009 -9.366e-009
MODAL No:       10
NODE(ELEM) No             Z1                                  Z2                                 MID
       1 -1.725e-009 -1.725e-009 -1.725e-009 -1.725e-009  7.304e+003  7.304e+003  7.304e+003  7.304e+003 -7.204e-009
       2  7.304e+003  7.304e+003  7.304e+003  7.304e+003  2.722e+004  2.722e+004  2.722e+004  2.722e+004  1.386e-008
       3  2.722e+004  2.722e+004  2.722e+004  2.722e+004  5.766e+004  5.766e+004  5.766e+004  5.766e+004 -1.630e-009
       4  5.766e+004  5.766e+004  5.766e+004  5.766e+004  9.648e+004  9.648e+004  9.648e+004  9.648e+004 -8.351e-009
       5  9.648e+004  9.648e+004  9.648e+004  9.648e+004  1.415e+005  1.415e+005  1.415e+005  1.415e+005  2.837e-010
       6  1.415e+005  1.415e+005  1.415e+005  1.415e+005  1.905e+005  1.905e+005  1.905e+005  1.905e+005 -3.133e-009
       7  1.905e+005  1.905e+005  1.905e+005  1.905e+005  2.414e+005  2.414e+005  2.414e+005  2.414e+005  7.735e-009
       8  2.414e+005  2.414e+005  2.414e+005  2.414e+005  2.921e+005  2.921e+005  2.921e+005  2.921e+005 -9.501e-009
       9  2.921e+005  2.921e+005  2.921e+005  2.921e+005  3.406e+005  3.406e+005  3.406e+005  3.406e+005 -1.450e-008
      10  3.406e+005  3.406e+005  3.406e+005  3.406e+005  3.852e+005  3.852e+005  3.852e+005  3.852e+005  1.025e-008
      11  3.852e+005  3.852e+005  3.852e+005  3.852e+005  4.243e+005  4.243e+005  4.243e+005  4.243e+005  1.286e-008
      12  4.243e+005  4.243e+005  4.243e+005  4.243e+005  4.564e+005  4.564e+005  4.564e+005  4.564e+005  1.225e-008
      13  4.564e+005  4.564e+005  4.564e+005  4.564e+005  4.805e+005  4.805e+005  4.805e+005  4.805e+005 -7.325e-009
      14  4.805e+005  4.805e+005  4.805e+005  4.805e+005  4.957e+005  4.957e+005  4.957e+005  4.957e+005 -1.373e-009
      15  4.957e+005  4.957e+005  4.957e+005  4.957e+005  5.015e+005  5.015e+005  5.015e+005  5.015e+005  7.657e-009
      16  5.015e+005  5.015e+005  5.015e+005  5.015e+005  4.976e+005  4.976e+005  4.976e+005  4.976e+005  5.295e-009
      17  3.993e+005  3.993e+005  3.993e+005  3.993e+005  3.870e+005  3.870e+005  3.870e+005  3.870e+005 -1.454e-008
      18  3.870e+005  3.870e+005  3.870e+005  3.870e+005  3.640e+005  3.640e+005  3.640e+005  3.640e+005  5.187e-009
      19  3.640e+005  3.640e+005  3.640e+005  3.640e+005  3.310e+005  3.310e+005  3.310e+005  3.310e+005 -3.710e-009
      20  3.310e+005  3.310e+005  3.310e+005  3.310e+005  2.889e+005  2.889e+005  2.889e+005  2.889e+005 -2.050e-009
      21  2.889e+005  2.889e+005  2.889e+005  2.889e+005  2.388e+005  2.388e+005  2.388e+005  2.388e+005  1.641e-008
      22  2.388e+005  2.388e+005  2.388e+005  2.388e+005  1.823e+005  1.823e+005  1.823e+005  1.823e+005 -1.907e-008
      23  1.823e+005  1.823e+005  1.823e+005  1.823e+005  1.207e+005  1.207e+005  1.207e+005  1.207e+005  9.321e-009
      24  1.207e+005  1.207e+005  1.207e+005  1.207e+005  5.583e+004  5.583e+004  5.583e+004  5.583e+004 -3.624e-009
      25  5.583e+004  5.583e+004  5.583e+004  5.583e+004 -1.064e+004 -1.064e+004 -1.064e+004 -1.064e+004  2.395e-009
      26 -1.064e+004 -1.064e+004 -1.064e+004 -1.064e+004 -7.688e+004 -7.688e+004 -7.688e+004 -7.688e+004 -8.847e-009
      27 -7.688e+004 -7.688e+004 -7.688e+004 -7.688e+004 -1.411e+005 -1.411e+005 -1.411e+005 -1.411e+005  2.373e-009
      28 -1.411e+005 -1.411e+005 -1.411e+005 -1.411e+005 -2.016e+005 -2.016e+005 -2.016e+005 -2.016e+005 -2.171e-009
      29 -2.016e+005 -2.016e+005 -2.016e+005 -2.016e+005 -2.566e+005 -2.566e+005 -2.566e+005 -2.566e+005  2.432e-009
      30 -2.566e+005 -2.566e+005 -2.566e+005 -2.566e+005 -3.048e+005 -3.048e+005 -3.048e+005 -3.048e+005  3.638e-009
      31 -3.048e+005 -3.048e+005 -3.048e+005 -3.048e+005 -3.447e+005 -3.447e+005 -3.447e+005 -3.447e+005 -1.286e-008
      32 -3.447e+005 -3.447e+005 -3.447e+005 -3.447e+005 -3.754e+005 -3.754e+005 -3.754e+005 -3.754e+005  1.627e-008
      33 -4.874e+005 -4.874e+005 -4.874e+005 -4.874e+005 -5.167e+005 -5.167e+005 -5.167e+005 -5.167e+005 -8.536e-009
      34 -5.167e+005 -5.167e+005 -5.167e+005 -5.167e+005 -5.322e+005 -5.322e+005 -5.322e+005 -5.322e+005  1.230e-008
      35 -5.322e+005 -5.322e+005 -5.322e+005 -5.322e+005 -5.337e+005 -5.337e+005 -5.337e+005 -5.337e+005  1.341e-008
      36 -5.337e+005 -5.337e+005 -5.337e+005 -5.337e+005 -5.215e+005 -5.215e+005 -5.215e+005 -5.215e+005 -7.638e-009
      37 -5.215e+005 -5.215e+005 -5.215e+005 -5.215e+005 -4.963e+005 -4.963e+005 -4.963e+005 -4.963e+005  1.220e-010
      38 -4.963e+005 -4.963e+005 -4.963e+005 -4.963e+005 -4.596e+005 -4.596e+005 -4.596e+005 -4.596e+005 -9.717e-010
      39 -6.855e+005 -6.855e+005 -6.855e+005 -6.855e+005 -6.180e+005 -6.180e+005 -6.180e+005 -6.180e+005  3.389e-009
      40 -6.180e+005 -6.180e+005 -6.180e+005 -6.180e+005 -5.422e+005 -5.422e+005 -5.422e+005 -5.422e+005  4.485e-009
      41 -5.422e+005 -5.422e+005 -5.422e+005 -5.422e+005 -4.615e+005 -4.615e+005 -4.615e+005 -4.615e+005 -2.015e-009
      42 -4.615e+005 -4.615e+005 -4.615e+005 -4.615e+005 -3.798e+005 -3.798e+005 -3.798e+005 -3.798e+005 -2.094e-008
      43 -3.798e+005 -3.798e+005 -3.798e+005 -3.798e+005 -3.014e+005 -3.014e+005 -3.014e+005 -3.014e+005  1.790e-008
      44 -3.014e+005 -3.014e+005 -3.014e+005 -3.014e+005 -2.310e+005 -2.310e+005 -2.310e+005 -2.310e+005 -4.933e-010
      45 -3.666e+005 -3.666e+005 -3.666e+005 -3.666e+005 -2.685e+005 -2.685e+005 -2.685e+005 -2.685e+005  1.469e-008
      46 -2.685e+005 -2.685e+005 -2.685e+005 -2.685e+005 -1.807e+005 -1.807e+005 -1.807e+005 -1.807e+005 -9.422e-009
      47 -1.807e+005 -1.807e+005 -1.807e+005 -1.807e+005 -1.068e+005 -1.068e+005 -1.068e+005 -1.068e+005  1.105e-010
      48 -1.068e+005 -1.068e+005 -1.068e+005 -1.068e+005 -4.982e+004 -4.982e+004 -4.982e+004 -4.982e+004  7.927e-009
      49 -4.982e+004 -4.982e+004 -4.982e+004 -4.982e+004 -1.320e+004 -1.320e+004 -1.320e+004 -1.320e+004 -3.842e-009
      50 -1.320e+004 -1.320e+004 -1.320e+004 -1.320e+004  5.733e-010  5.733e-010  5.733e-010  5.733e-010  1.451e-008
MODAL No:       11
NODE(ELEM) No             Z1                                  Z2                                 MID
       1 -6.493e-009 -6.493e-009 -6.493e-009 -6.493e-009  3.131e+004  3.131e+004  3.131e+004  3.131e+004 -1.849e-007
       2  3.131e+004  3.131e+004  3.131e+004  3.131e+004  1.123e+005  1.123e+005  1.123e+005  1.123e+005 -6.826e-007
       3  1.123e+005  1.123e+005  1.123e+005  1.123e+005  2.297e+005  2.297e+005  2.297e+005  2.297e+005 -9.351e-007
       4  2.297e+005  2.297e+005  2.297e+005  2.297e+005  3.702e+005  3.702e+005  3.702e+005  3.702e+005 -1.270e-006
       5  3.702e+005  3.702e+005  3.702e+005  3.702e+005  5.210e+005  5.210e+005  5.210e+005  5.210e+005 -1.624e-006
       6  5.210e+005  5.210e+005  5.210e+005  5.210e+005  6.696e+005  6.696e+005  6.696e+005  6.696e+005 -1.688e-006
       7  6.696e+005  6.696e+005  6.696e+005  6.696e+005  8.049e+005  8.049e+005  8.049e+005  8.049e+005 -1.552e-006
       8  8.049e+005  8.049e+005  8.049e+005  8.049e+005  9.169e+005  9.169e+005  9.169e+005  9.169e+005 -1.615e-006
       9  9.169e+005  9.169e+005  9.169e+005  9.169e+005  9.975e+005  9.975e+005  9.975e+005  9.975e+005 -1.630e-006
      10  9.975e+005  9.975e+005  9.975e+005  9.975e+005  1.040e+006  1.040e+006  1.040e+006  1.040e+006 -1.662e-006
      11  1.040e+006  1.040e+006  1.040e+006  1.040e+006  1.042e+006  1.042e+006  1.042e+006  1.042e+006 -1.623e-006
      12  1.042e+006  1.042e+006  1.042e+006  1.042e+006  9.997e+005  9.997e+005  9.997e+005  9.997e+005 -1.389e-006
      13  9.997e+005  9.997e+005  9.997e+005  9.997e+005  9.148e+005  9.148e+005  9.148e+005  9.148e+005 -1.338e-006
      14  9.148e+005  9.148e+005  9.148e+005  9.148e+005  7.900e+005  7.900e+005  7.900e+005  7.900e+005 -1.413e-006
      15  7.900e+005  7.900e+005  7.900e+005  7.900e+005  6.300e+005  6.300e+005  6.300e+005  6.300e+005 -1.333e-006
      16  6.300e+005  6.300e+005  6.300e+005  6.300e+005  4.415e+005  4.415e+005  4.415e+005  4.415e+005 -1.252e-006
      17  3.768e+005  3.768e+005  3.768e+005  3.768e+005  1.973e+005  1.973e+005  1.973e+005  1.973e+005 -5.541e-007
      18  1.973e+005  1.973e+005  1.973e+005  1.973e+005  2.909e+003  2.909e+003  2.909e+003  2.909e+003 -2.366e-007
      19  2.909e+003  2.909e+003  2.909e+003  2.909e+003 -1.955e+005 -1.955e+005 -1.955e+005 -1.955e+005 -5.088e-008
      20 -1.955e+005 -1.955e+005 -1.955e+005 -1.955e+005 -3.871e+005 -3.871e+005 -3.871e+005 -3.871e+005  1.593e-007
      21 -3.871e+005 -3.871e+005 -3.871e+005 -3.871e+005 -5.616e+005 -5.616e+005 -5.616e+005 -5.616e+005  5.216e-007
      22 -5.616e+005 -5.616e+005 -5.616e+005 -5.616e+005 -7.095e+005 -7.095e+005 -7.095e+005 -7.095e+005  9.917e-007
      23 -7.095e+005 -7.095e+005 -7.095e+005 -7.095e+005 -8.229e+005 -8.229e+005 -8.229e+005 -8.229e+005  1.188e-006
      24 -8.229e+005 -8.229e+005 -8.229e+005 -8.229e+005 -8.959e+005 -8.959e+005 -8.959e+005 -8.959e+005  1.475e-006
      25 -8.959e+005 -8.959e+005 -8.959e+005 -8.959e+005 -9.244e+005 -9.244e+005 -9.244e+005 -9.244e+005  1.800e-006
      26 -9.244e+005 -9.244e+005 -9.244e+005 -9.244e+005 -9.070e+005 -9.070e+005 -9.070e+005 -9.070e+005  1.889e-006
      27 -9.070e+005 -9.070e+005 -9.070e+005 -9.070e+005 -8.446e+005 -8.446e+005 -8.446e+005 -8.446e+005  1.777e-006
      28 -8.446e+005 -8.446e+005 -8.446e+005 -8.446e+005 -7.403e+005 -7.403e+005 -7.403e+005 -7.403e+005  1.528e-006
      29 -7.403e+005 -7.403e+005 -7.403e+005 -7.403e+005 -5.998e+005 -5.998e+005 -5.998e+005 -5.998e+005  1.253e-006
      30 -5.998e+005 -5.998e+005 -5.998e+005 -5.998e+005 -4.302e+005 -4.302e+005 -4.302e+005 -4.302e+005  9.839e-007
      31 -4.302e+005 -4.302e+005 -4.302e+005 -4.302e+005 -2.408e+005 -2.408e+005 -2.408e+005 -2.408e+005  9.645e-007
      32 -2.408e+005 -2.408e+005 -2.408e+005 -2.408e+005 -4.140e+004 -4.140e+004 -4.140e+004 -4.140e+004  9.846e-007
      33 -5.016e+004 -5.016e+004 -5.016e+004 -5.016e+004  2.085e+005  2.085e+005  2.085e+005  2.085e+005  1.065e-006
      34  2.085e+005  2.085e+005  2.085e+005  2.085e+005  4.517e+005  4.517e+005  4.517e+005  4.517e+005  7.461e-007
      35  4.517e+005  4.517e+005  4.517e+005  4.517e+005  6.656e+005  6.656e+005  6.656e+005  6.656e+005  1.709e-007
      36  6.656e+005  6.656e+005  6.656e+005  6.656e+005  8.383e+005  8.383e+005  8.383e+005  8.383e+005 -2.506e-007
      37  8.383e+005  8.383e+005  8.383e+005  8.383e+005  9.603e+005  9.603e+005  9.603e+005  9.603e+005 -4.363e-007
      38  9.603e+005  9.603e+005  9.603e+005  9.603e+005  1.025e+006  1.025e+006  1.025e+006  1.025e+006 -5.268e-007
      39  1.185e+006  1.185e+006  1.185e+006  1.185e+006  1.199e+006  1.199e+006  1.199e+006  1.199e+006 -8.584e-007
      40  1.199e+006  1.199e+006  1.199e+006  1.199e+006  1.161e+006  1.161e+006  1.161e+006  1.161e+006 -1.039e-006
      41  1.161e+006  1.161e+006  1.161e+006  1.161e+006  1.077e+006  1.077e+006  1.077e+006  1.077e+006 -1.499e-006
      42  1.077e+006  1.077e+006  1.077e+006  1.077e+006  9.542e+005  9.542e+005  9.542e+005  9.542e+005 -1.815e-006
      43  9.542e+005  9.542e+005  9.542e+005  9.542e+005  8.044e+005  8.044e+005  8.044e+005  8.044e+005 -1.684e-006
      44  8.044e+005  8.044e+005  8.044e+005  8.044e+005  6.421e+005  6.421e+005  6.421e+005  6.421e+005 -1.378e-006
      45  8.469e+005  8.469e+005  8.469e+005  8.469e+005  6.367e+005  6.367e+005  6.367e+005  6.367e+005 -2.611e-006
      46  6.367e+005  6.367e+005  6.367e+005  6.367e+005  4.389e+005  4.389e+005  4.389e+005  4.389e+005 -2.075e-006
      47  4.389e+005  4.389e+005  4.389e+005  4.389e+005  2.650e+005  2.650e+005  2.650e+005  2.650e+005 -1.618e-006
      48  2.650e+005  2.650e+005  2.650e+005  2.650e+005  1.262e+005  1.262e+005  1.262e+005  1.262e+005 -1.281e-006
      49  1.262e+005  1.262e+005  1.262e+005  1.262e+005  3.419e+004  3.419e+004  3.419e+004  3.419e+004 -5.228e-007
      50  3.419e+004  3.419e+004  3.419e+004  3.419e+004  1.560e-009  1.560e-009  1.560e-009  1.560e-009 -1.173e-007
MODAL No:       12
NODE(ELEM) No             Z1                                  Z2                                 MID
       1  5.723e-009  5.723e-009  5.723e-009  5.723e-009  2.110e+004  2.110e+004  2.110e+004  2.110e+004  4.096e-008
       2  2.110e+004  2.110e+004  2.110e+004  2.110e+004  7.686e+004  7.686e+004  7.686e+004  7.686e+004 -4.569e-007
       3  7.686e+004  7.686e+004  7.686e+004  7.686e+004  1.590e+005  1.590e+005  1.590e+005  1.590e+005  1.900e-006
       4  1.590e+005  1.590e+005  1.590e+005  1.590e+005  2.588e+005  2.588e+005  2.588e+005  2.588e+005  4.464e-006
       5  2.588e+005  2.588e+005  2.588e+005  2.588e+005  3.675e+005  3.675e+005  3.675e+005  3.675e+005  5.600e-006
       6  3.675e+005  3.675e+005  3.675e+005  3.675e+005  4.762e+005  4.762e+005  4.762e+005  4.762e+005  6.798e-006
       7  4.762e+005  4.762e+005  4.762e+005  4.762e+005  5.769e+005  5.769e+005  5.769e+005  5.769e+005  9.921e-006
       8  5.769e+005  5.769e+005  5.769e+005  5.769e+005  6.621e+005  6.621e+005  6.621e+005  6.621e+005  9.492e-006
       9  6.621e+005  6.621e+005  6.621e+005  6.621e+005  7.257e+005  7.257e+005  7.257e+005  7.257e+005  9.823e-006
      10  7.257e+005  7.257e+005  7.257e+005  7.257e+005  7.628e+005  7.628e+005  7.628e+005  7.628e+005  1.036e-005
      11  7.628e+005  7.628e+005  7.628e+005  7.628e+005  7.701e+005  7.701e+005  7.701e+005  7.701e+005  9.238e-006
      12  7.701e+005  7.701e+005  7.701e+005  7.701e+005  7.460e+005  7.460e+005  7.460e+005  7.460e+005  7.964e-006
      13  7.460e+005  7.460e+005  7.460e+005  7.460e+005  6.906e+005  6.906e+005  6.906e+005  6.906e+005  4.602e-006
      14  6.906e+005  6.906e+005  6.906e+005  6.906e+005  6.059e+005  6.059e+005  6.059e+005  6.059e+005  1.019e-007
      15  6.059e+005  6.059e+005  6.059e+005  6.059e+005  4.952e+005  4.952e+005  4.952e+005  4.952e+005 -3.509e-006
      16  4.952e+005  4.952e+005  4.952e+005  4.952e+005  3.633e+005  3.633e+005  3.633e+005  3.633e+005 -6.560e-006
      17  2.915e+005  2.915e+005  2.915e+005  2.915e+005  1.726e+005  1.726e+005  1.726e+005  1.726e+005 -3.983e-006
      18  1.726e+005  1.726e+005  1.726e+005  1.726e+005  4.246e+004  4.246e+004  4.246e+004  4.246e+004 -4.117e-006
      19  4.246e+004  4.246e+004  4.246e+004  4.246e+004 -9.191e+004 -9.191e+004 -9.191e+004 -9.191e+004 -5.700e-006
      20 -9.191e+004 -9.191e+004 -9.191e+004 -9.191e+004 -2.235e+005 -2.235e+005 -2.235e+005 -2.235e+005 -8.017e-006
      21 -2.235e+005 -2.235e+005 -2.235e+005 -2.235e+005 -3.456e+005 -3.456e+005 -3.456e+005 -3.456e+005 -9.336e-006
      22 -3.456e+005 -3.456e+005 -3.456e+005 -3.456e+005 -4.517e+005 -4.517e+005 -4.517e+005 -4.517e+005 -8.573e-006
      23 -4.517e+005 -4.517e+005 -4.517e+005 -4.517e+005 -5.365e+005 -5.365e+005 -5.365e+005 -5.365e+005 -8.165e-006
      24 -5.365e+005 -5.365e+005 -5.365e+005 -5.365e+005 -5.957e+005 -5.957e+005 -5.957e+005 -5.957e+005 -6.628e-006
      25 -5.957e+005 -5.957e+005 -5.957e+005 -5.957e+005 -6.262e+005 -6.262e+005 -6.262e+005 -6.262e+005 -6.353e-006
      26 -6.262e+005 -6.262e+005 -6.262e+005 -6.262e+005 -6.264e+005 -6.264e+005 -6.264e+005 -6.264e+005 -6.429e-006
      27 -6.264e+005 -6.264e+005 -6.264e+005 -6.264e+005 -5.965e+005 -5.965e+005 -5.965e+005 -5.965e+005 -6.789e-006
      28 -5.965e+005 -5.965e+005 -5.965e+005 -5.965e+005 -5.379e+005 -5.379e+005 -5.379e+005 -5.379e+005 -7.602e-006
      29 -5.379e+005 -5.379e+005 -5.379e+005 -5.379e+005 -4.538e+005 -4.538e+005 -4.538e+005 -4.538e+005 -6.721e-006
      30 -4.538e+005 -4.538e+005 -4.538e+005 -4.538e+005 -3.485e+005 -3.485e+005 -3.485e+005 -3.485e+005 -5.653e-006
      31 -3.485e+005 -3.485e+005 -3.485e+005 -3.485e+005 -2.275e+005 -2.275e+005 -2.275e+005 -2.275e+005 -2.743e-006
      32 -2.275e+005 -2.275e+005 -2.275e+005 -2.275e+005 -9.717e+004 -9.717e+004 -9.717e+004 -9.717e+004  1.265e-006
      33 -1.262e+005 -1.262e+005 -1.262e+005 -1.262e+005  5.904e+004  5.904e+004  5.904e+004  5.904e+004  4.407e-006
      34  5.904e+004  5.904e+004  5.904e+004  5.904e+004  2.370e+005  2.370e+005  2.370e+005  2.370e+005  6.110e-006
      35  2.370e+005  2.370e+005  2.370e+005  2.370e+005  3.975e+005  3.975e+005  3.975e+005  3.975e+005  3.243e-006
      36  3.975e+005  3.975e+005  3.975e+005  3.975e+005  5.315e+005  5.315e+005  5.315e+005  5.315e+005  3.512e-006
      37  5.315e+005  5.315e+005  5.315e+005  5.315e+005  6.312e+005  6.312e+005  6.312e+005  6.312e+005  4.891e-006
      38  6.312e+005  6.312e+005  6.312e+005  6.312e+005  6.910e+005  6.910e+005  6.910e+005  6.910e+005  8.109e-006
      39  1.031e+006  1.031e+006  1.031e+006  1.031e+006  1.063e+006  1.063e+006  1.063e+006  1.063e+006  1.411e-005
      40  1.063e+006  1.063e+006  1.063e+006  1.063e+006  1.046e+006  1.046e+006  1.046e+006  1.046e+006  1.505e-005
      41  1.046e+006  1.046e+006  1.046e+006  1.046e+006  9.833e+005  9.833e+005  9.833e+005  9.833e+005  1.316e-005
      42  9.833e+005  9.833e+005  9.833e+005  9.833e+005  8.807e+005  8.807e+005  8.807e+005  8.807e+005  1.203e-005
      43  8.807e+005  8.807e+005  8.807e+005  8.807e+005  7.490e+005  7.490e+005  7.490e+005  7.490e+005  1.224e-005
      44  7.490e+005  7.490e+005  7.490e+005  7.490e+005  6.012e+005  6.012e+005  6.012e+005  6.012e+005  1.162e-005
      45  9.544e+005  9.544e+005  9.544e+005  9.544e+005  7.192e+005  7.192e+005  7.192e+005  7.192e+005  3.169e-005
      46  7.192e+005  7.192e+005  7.192e+005  7.192e+005  4.964e+005  4.964e+005  4.964e+005  4.964e+005  2.437e-005
      47  4.964e+005  4.964e+005  4.964e+005  4.964e+005  2.995e+005  2.995e+005  2.995e+005  2.995e+005  1.608e-005
      48  2.995e+005  2.995e+005  2.995e+005  2.995e+005  1.424e+005  1.424e+005  1.424e+005  1.424e+005  1.085e-005
      49  1.424e+005  1.424e+005  1.424e+005  1.424e+005  3.841e+004  3.841e+004  3.841e+004  3.841e+004  9.622e-006
      50  3.841e+004  3.841e+004  3.841e+004  3.841e+004  7.281e-009  7.281e-009  7.281e-009  7.281e-009  4.206e-006
