JOB WALAS
"ship1_nodeElement.wet"
"ship1_nodeElement.dry"
"ship1_node.modal"
"ship1_element.modal"
"ship1_element.dudx"
"ship1_nodeElement_free.wet"
"ship1_nodeElement_control.wet"
"ship1_nodeElement_slmParam.ini"
124.5       4.97        1           1           1           0           0           -4          4           0.05        
59.4487     0           6.26        
1.55E+08    3.85E+09    3.85E+09    0           0           0           
0           0           6.26           0           
7.339       1025        9.81        1500.
1           1000.0
1           39          
0.1         0.15        0.2         0.25        0.3         0.35        
0.4         0.45        0.5         0.55        0.6         0.65        
0.7         0.75        0.8         0.85        0.9         0.95        
1           1.05        1.1         1.15        1.2         1.25        
1.3         1.35        1.4         1.45        1.5         1.55        
1.6         1.65        1.7         1.75        1.8         1.85        
1.9         1.95        2           
1           1           
135         
100         
0           0           6           
0           1
0           0           0.05        0.147       0.05        0
0.01        0.01        0.01        0.01        0.01        0.01           
21          
4.890E+04	123.16	0	7.2	1.629E+06     0.000E+00   0.000E+00  
6.549E+04	116.935	0	7.2	2.182E+06     0.000E+00   0.000E+00  
8.207E+04	110.71	0	7.2	2.734E+06     0.000E+00   0.000E+00  
2.188E+05	104.485	0	6.45	7.288E+06   0.000E+00   0.000E+00  
2.085E+05	98.26	0	6.45	6.948E+06     0.000E+00   0.000E+00  
2.131E+05	92.035	0	6.45	7.100E+06   0.000E+00   0.000E+00  
2.094E+05	85.81	0	6.93	6.975E+06     0.000E+00   0.000E+00  
2.962E+05	79.585	0	6.93	9.867E+06   0.000E+00   0.000E+00  
3.802E+05	73.36	0	6.05	1.267E+07     0.000E+00   0.000E+00  
3.358E+05	67.135	0	6.05	1.119E+07   0.000E+00   0.000E+00  
3.662E+05	60.91	0	6.05	1.220E+07     0.000E+00   0.000E+00  
3.024E+05	54.685	0	5.99	1.008E+07   0.000E+00   0.000E+00  
3.366E+05	48.46	0	5.99	1.121E+07     0.000E+00   0.000E+00  
2.349E+05	42.235	0	5.99	7.826E+06   0.000E+00   0.000E+00  
3.032E+05	36.01	0	6.08	1.010E+07     0.000E+00   0.000E+00  
4.270E+05	29.785	0	6.08	1.422E+07   0.000E+00   0.000E+00  
1.756E+05	23.56	0	6.08	5.852E+06     0.000E+00   0.000E+00  
1.978E+05	17.335	0	6.08	6.589E+06   0.000E+00   0.000E+00  
1.451E+05	11.11	0	6.08	4.833E+06     0.000E+00   0.000E+00  
7.297E+04	4.885	0	6.08	2.431E+06     0.000E+00   0.000E+00  
2.120E+04	-1.34	0	6.08	7.063E+05     0.000E+00   0.000E+00  
20      1          
0	0	6.26
6.225	0	6.26
12.45	0	6.26
18.675	0	6.26
24.9	0	6.26
31.125	0	6.26
37.35	0	6.26
43.575	0	6.26
49.8	0	6.26
56.025	0	6.26
62.25	0	6.26
68.475	0	6.26
74.7	0	6.26
80.925	0	6.26
87.15	0	6.26
93.375	0	6.26
99.6	0	6.26
105.825	0	6.26
112.05	0	6.26
118.275	0	6.26
124.5	0	6.26 
SPRING
0         
1E+06       1E+06       0           0           0           1E+08       
RUDDER-PID
0      
8           2           2           3           3           -3          -3         
SECOND-ORDER-FORCE
0           0           0           
0           0           
IRREGULAR-FREQUENCY
0           
AUTO-FREE-CONTROL
0           1           
STABILITY-CORRECTION
-0.486      0          
