39          
"B001"
0   2           62.8319    
3.14159     1256.64     942.478     1068.14    
0
"B002"
0   2           41.8879    
2.0944      837.758     628.319     712.094    
0
"B003"
0   2           31.4159    
1.5708      628.319     471.239     534.071    
0
"B004"
0   2           25.1327    
1.25664     502.655     376.991     427.257    
0
"B005"
0   2           20.944     
1.0472      418.879     314.159     356.047    
0
"B006"
0   2           17.952     
0.897598    359.039     269.279     305.183    
0
"B007"
0   2           15.708     
0.785398    314.159     235.619     267.035    
0
"B008"
0   2           13.9626    
0.698132    279.253     209.44      237.365    
0
"B009"
0   2           12.5664    
0.628319    251.327     188.496     213.628    
0
"B010"
0   2           11.424     
0.571199    228.479     171.36      194.208    
0
"B011"
0   2           10.472     
0.523599    209.44      157.08      178.024    
0
"B012"
0   2           9.66644    
0.483322    193.329     144.997     164.329    
0
"B013"
0   2           8.97598    
0.448799    179.52      134.64      152.592    
0
"B014"
0   2           8.37758    
0.418879    167.552     125.664     142.419    
0
"B015"
0   2           7.85398    
0.392699    157.08      117.81      133.518    
0
"B016"
0   2           7.39198    
0.369599    147.84      110.88      125.664    
0
"B017"
0   2           6.98132    
0.349066    139.626     104.72      118.682    
0
"B018"
0   2           6.61388    
0.330694    132.278     99.2082     112.436    
0
"B019"
0   2           6.28319    
0.314159    125.664     94.2478     106.814    
0
"B020"
0   2           5.98399    
0.299199    119.68      89.7598     101.728    
0
"B021"
0   2           5.71199    
0.285599    114.24      85.6798     97.1038    
0
"B022"
0   2           5.46364    
0.273182    109.273     81.9546     92.8819    
0
"B023"
0   2           5.23599    
0.261799    104.72      78.5398     89.0118    
0
"B024"
0   2           5.02655    
0.251327    100.531     75.3982     85.4513    
0
"B025"
0   2           4.83322    
0.241661    96.6644     72.4983     82.1647    
0
"B026"
0   2           4.65421    
0.232711    93.0842     69.8132     79.1216    
0
"B027"
0   2           4.48799    
0.224399    89.7598     67.3198     76.2958    
0
"B028"
0   2           4.33323    
0.216662    86.6646     64.9985     73.6649    
0
"B029"
0   2           4.18879    
0.20944     83.7758     62.8319     71.2094    
0
"B030"
0   2           4.05367    
0.202683    81.0734     60.805      68.9124    
0
"B031"
0   2           3.92699    
0.19635     78.5398     58.9049     66.7588    
0
"B032"
0   2           3.80799    
0.1904      76.1598     57.1199     64.7358    
0
"B033"
0   2           3.69599    
0.1848      73.9198     55.4399     62.8319    
0
"B034"
0   2           3.59039    
0.17952     71.8078     53.8559     61.0367    
0
"B035"
0   2           3.49066    
0.174533    69.8132     52.3599     59.3412    
0
"B036"
0   2           3.39632    
0.169816    67.9263     50.9447     57.7374    
0
"B037"
0   2           3.30694    
0.165347    66.1388     49.6041     56.218     
0
"B038"
0   2           3.22215    
0.161107    64.4429     48.3322     54.7765    
0
"B039"
0   2           3.14159    
0.15708     62.8319     47.1239     53.4071    
0
