0 0
1 1
20 50
2
200
  6.500e+02   0.000e+00   1.198e+01
  6.499e+02   2.368e+00   1.198e+01
  6.498e+02   4.735e+00   1.198e+01
  6.494e+02   7.101e+00   1.198e+01
  6.490e+02   9.466e+00   1.198e+01
  6.484e+02   1.183e+01   1.198e+01
  6.478e+02   1.419e+01   1.198e+01
  6.470e+02   1.654e+01   1.198e+01
  6.460e+02   1.889e+01   1.198e+01
  6.450e+02   2.124e+01   1.198e+01
  6.438e+02   2.358e+01   1.198e+01
  6.425e+02   2.592e+01   1.198e+01
  6.411e+02   2.825e+01   1.198e+01
  6.395e+02   3.057e+01   1.198e+01
  6.378e+02   3.288e+01   1.198e+01
  6.360e+02   3.519e+01   1.198e+01
  6.341e+02   3.749e+01   1.198e+01
  6.321e+02   3.978e+01   1.198e+01
  6.299e+02   4.205e+01   1.198e+01
  6.277e+02   4.432e+01   1.198e+01
  6.253e+02   4.658e+01   1.198e+01
  6.228e+02   4.882e+01   1.198e+01
  6.201e+02   5.106e+01   1.198e+01
  6.174e+02   5.328e+01   1.198e+01
  6.145e+02   5.548e+01   1.198e+01
  6.116e+02   5.768e+01   1.198e+01
  6.085e+02   5.985e+01   1.198e+01
  6.053e+02   6.202e+01   1.198e+01
  6.019e+02   6.417e+01   1.198e+01
  5.985e+02   6.630e+01   1.198e+01
  5.950e+02   6.841e+01   1.198e+01
  5.913e+02   7.051e+01   1.198e+01
  5.875e+02   7.259e+01   1.198e+01
  5.837e+02   7.466e+01   1.198e+01
  5.797e+02   7.670e+01   1.198e+01
  5.756e+02   7.873e+01   1.198e+01
  5.714e+02   8.073e+01   1.198e+01
  5.671e+02   8.272e+01   1.198e+01
  5.627e+02   8.468e+01   1.198e+01
  5.582e+02   8.663e+01   1.198e+01
  5.536e+02   8.855e+01   1.198e+01
  5.489e+02   9.045e+01   1.198e+01
  5.441e+02   9.233e+01   1.198e+01
  5.392e+02   9.418e+01   1.198e+01
  5.341e+02   9.601e+01   1.198e+01
  5.290e+02   9.782e+01   1.198e+01
  5.239e+02   9.960e+01   1.198e+01
  5.186e+02   1.014e+02   1.198e+01
  5.132e+02   1.031e+02   1.198e+01
  5.077e+02   1.048e+02   1.198e+01
  5.022e+02   1.065e+02   1.198e+01
  4.965e+02   1.081e+02   1.198e+01
  4.908e+02   1.098e+02   1.198e+01
  4.850e+02   1.114e+02   1.198e+01
  4.791e+02   1.129e+02   1.198e+01
  4.731e+02   1.145e+02   1.198e+01
  4.670e+02   1.160e+02   1.198e+01
  4.609e+02   1.175e+02   1.198e+01
  4.546e+02   1.189e+02   1.198e+01
  4.483e+02   1.204e+02   1.198e+01
  4.420e+02   1.218e+02   1.198e+01
  4.355e+02   1.231e+02   1.198e+01
  4.290e+02   1.245e+02   1.198e+01
  4.224e+02   1.258e+02   1.198e+01
  4.158e+02   1.271e+02   1.198e+01
  4.091e+02   1.283e+02   1.198e+01
  4.023e+02   1.295e+02   1.198e+01
  3.954e+02   1.307e+02   1.198e+01
  3.885e+02   1.318e+02   1.198e+01
  3.816e+02   1.329e+02   1.198e+01
  3.745e+02   1.340e+02   1.198e+01
  3.674e+02   1.351e+02   1.198e+01
  3.603e+02   1.361e+02   1.198e+01
  3.531e+02   1.371e+02   1.198e+01
  3.459e+02   1.380e+02   1.198e+01
  3.386e+02   1.389e+02   1.198e+01
  3.313e+02   1.398e+02   1.198e+01
  3.239e+02   1.406e+02   1.198e+01
  3.165e+02   1.414e+02   1.198e+01
  3.090e+02   1.422e+02   1.198e+01
  3.015e+02   1.429e+02   1.198e+01
  2.940e+02   1.436e+02   1.198e+01
  2.864e+02   1.443e+02   1.198e+01
  2.788e+02   1.449e+02   1.198e+01
  2.711e+02   1.455e+02   1.198e+01
  2.635e+02   1.461e+02   1.198e+01
  2.558e+02   1.466e+02   1.198e+01
  2.480e+02   1.471e+02   1.198e+01
  2.403e+02   1.475e+02   1.198e+01
  2.325e+02   1.479e+02   1.198e+01
  2.247e+02   1.483e+02   1.198e+01
  2.169e+02   1.487e+02   1.198e+01
  2.091e+02   1.489e+02   1.198e+01
  2.012e+02   1.492e+02   1.198e+01
  1.934e+02   1.494e+02   1.198e+01
  1.855e+02   1.496e+02   1.198e+01
  1.776e+02   1.498e+02   1.198e+01
  1.697e+02   1.499e+02   1.198e+01
  1.618e+02   1.500e+02   1.198e+01
  1.539e+02   1.500e+02   1.198e+01
  1.461e+02   1.500e+02   1.198e+01
  1.382e+02   1.500e+02   1.198e+01
  1.303e+02   1.499e+02   1.198e+01
  1.224e+02   1.498e+02   1.198e+01
  1.145e+02   1.496e+02   1.198e+01
  1.066e+02   1.494e+02   1.198e+01
  9.878e+01   1.492e+02   1.198e+01
  9.094e+01   1.489e+02   1.198e+01
  8.311e+01   1.487e+02   1.198e+01
  7.529e+01   1.483e+02   1.198e+01
  6.750e+01   1.479e+02   1.198e+01
  5.972e+01   1.475e+02   1.198e+01
  5.197e+01   1.471e+02   1.198e+01
  4.424e+01   1.466e+02   1.198e+01
  3.654e+01   1.461e+02   1.198e+01
  2.887e+01   1.455e+02   1.198e+01
  2.123e+01   1.449e+02   1.198e+01
  1.362e+01   1.443e+02   1.198e+01
  6.038e+00   1.436e+02   1.198e+01
 -1.503e+00   1.429e+02   1.198e+01
 -9.006e+00   1.422e+02   1.198e+01
 -1.647e+01   1.414e+02   1.198e+01
 -2.389e+01   1.406e+02   1.198e+01
 -3.127e+01   1.398e+02   1.198e+01
 -3.860e+01   1.389e+02   1.198e+01
 -4.589e+01   1.380e+02   1.198e+01
 -5.313e+01   1.371e+02   1.198e+01
 -6.032e+01   1.361e+02   1.198e+01
 -6.745e+01   1.351e+02   1.198e+01
 -7.453e+01   1.340e+02   1.198e+01
 -8.155e+01   1.329e+02   1.198e+01
 -8.852e+01   1.318e+02   1.198e+01
 -9.543e+01   1.307e+02   1.198e+01
 -1.023e+02   1.295e+02   1.198e+01
 -1.091e+02   1.283e+02   1.198e+01
 -1.158e+02   1.271e+02   1.198e+01
 -1.224e+02   1.258e+02   1.198e+01
 -1.290e+02   1.245e+02   1.198e+01
 -1.355e+02   1.231e+02   1.198e+01
 -1.420e+02   1.218e+02   1.198e+01
 -1.483e+02   1.204e+02   1.198e+01
 -1.546e+02   1.189e+02   1.198e+01
 -1.609e+02   1.175e+02   1.198e+01
 -1.670e+02   1.160e+02   1.198e+01
 -1.731e+02   1.145e+02   1.198e+01
 -1.791e+02   1.129e+02   1.198e+01
 -1.850e+02   1.114e+02   1.198e+01
 -1.908e+02   1.098e+02   1.198e+01
 -1.965e+02   1.081e+02   1.198e+01
 -2.022e+02   1.065e+02   1.198e+01
 -2.077e+02   1.048e+02   1.198e+01
 -2.132e+02   1.031e+02   1.198e+01
 -2.186e+02   1.014e+02   1.198e+01
 -2.239e+02   9.960e+01   1.198e+01
 -2.290e+02   9.782e+01   1.198e+01
 -2.341e+02   9.601e+01   1.198e+01
 -2.392e+02   9.418e+01   1.198e+01
 -2.441e+02   9.233e+01   1.198e+01
 -2.489e+02   9.045e+01   1.198e+01
 -2.536e+02   8.855e+01   1.198e+01
 -2.582e+02   8.663e+01   1.198e+01
 -2.627e+02   8.468e+01   1.198e+01
 -2.671e+02   8.272e+01   1.198e+01
 -2.714e+02   8.073e+01   1.198e+01
 -2.756e+02   7.873e+01   1.198e+01
 -2.797e+02   7.670e+01   1.198e+01
 -2.837e+02   7.466e+01   1.198e+01
 -2.875e+02   7.259e+01   1.198e+01
 -2.913e+02   7.051e+01   1.198e+01
 -2.950e+02   6.841e+01   1.198e+01
 -2.985e+02   6.630e+01   1.198e+01
 -3.019e+02   6.417e+01   1.198e+01
 -3.053e+02   6.202e+01   1.198e+01
 -3.085e+02   5.985e+01   1.198e+01
 -3.116e+02   5.768e+01   1.198e+01
 -3.145e+02   5.548e+01   1.198e+01
 -3.174e+02   5.328e+01   1.198e+01
 -3.201e+02   5.106e+01   1.198e+01
 -3.228e+02   4.882e+01   1.198e+01
 -3.253e+02   4.658e+01   1.198e+01
 -3.277e+02   4.432e+01   1.198e+01
 -3.299e+02   4.205e+01   1.198e+01
 -3.321e+02   3.978e+01   1.198e+01
 -3.341e+02   3.749e+01   1.198e+01
 -3.360e+02   3.519e+01   1.198e+01
 -3.378e+02   3.288e+01   1.198e+01
 -3.395e+02   3.057e+01   1.198e+01
 -3.411e+02   2.825e+01   1.198e+01
 -3.425e+02   2.592e+01   1.198e+01
 -3.438e+02   2.358e+01   1.198e+01
 -3.450e+02   2.124e+01   1.198e+01
 -3.460e+02   1.889e+01   1.198e+01
 -3.470e+02   1.654e+01   1.198e+01
 -3.478e+02   1.419e+01   1.198e+01
 -3.484e+02   1.183e+01   1.198e+01
 -3.490e+02   9.466e+00   1.198e+01
 -3.494e+02   7.101e+00   1.198e+01
 -3.498e+02   4.735e+00   1.198e+01
 -3.499e+02   2.368e+00   1.198e+01
 -3.500e+02   8.038e-06   1.198e+01
87
  2.895e+02   0.000e+00   1.198e+01
  2.873e+02   3.530e-01   1.198e+01
  2.852e+02   7.070e-01   1.198e+01
  2.831e+02   1.060e+00   1.198e+01
  2.830e+02   1.074e+00   1.198e+01
  2.830e+02   1.079e+00   1.198e+01
  2.812e+02   1.493e+00   1.198e+01
  2.794e+02   1.805e+00   1.198e+01
  2.776e+02   2.188e+00   1.198e+01
  2.759e+02   2.567e+00   1.198e+01
  2.741e+02   2.943e+00   1.198e+01
  2.723e+02   3.316e+00   1.198e+01
  2.687e+02   4.274e+00   1.198e+01
  2.651e+02   5.046e+00   1.198e+01
  2.615e+02   5.942e+00   1.198e+01
  2.579e+02   6.849e+00   1.198e+01
  2.544e+02   7.772e+00   1.198e+01
  2.508e+02   8.703e+00   1.198e+01
  2.472e+02   9.635e+00   1.198e+01
  2.436e+02   1.056e+01   1.198e+01
  2.400e+02   1.143e+01   1.198e+01
  2.364e+02   1.230e+01   1.198e+01
  2.329e+02   1.318e+01   1.198e+01
  2.293e+02   1.406e+01   1.198e+01
  2.257e+02   1.482e+01   1.198e+01
  2.221e+02   1.557e+01   1.198e+01
  2.185e+02   1.631e+01   1.198e+01
  2.149e+02   1.704e+01   1.198e+01
  2.114e+02   1.761e+01   1.198e+01
  2.078e+02   1.815e+01   1.198e+01
  2.042e+02   1.867e+01   1.198e+01
  2.006e+02   1.916e+01   1.198e+01
  1.970e+02   1.942e+01   1.198e+01
  1.935e+02   1.964e+01   1.198e+01
  1.899e+02   1.983e+01   1.198e+01
  1.863e+02   2.000e+01   1.198e+01
  1.827e+02   2.000e+01   1.198e+01
  1.791e+02   2.000e+01   1.198e+01
  1.755e+02   2.000e+01   1.198e+01
  1.720e+02   2.000e+01   1.198e+01
  1.648e+02   2.000e+01   1.198e+01
  1.612e+02   2.000e+01   1.198e+01
  1.576e+02   2.000e+01   1.198e+01
  1.540e+02   2.000e+01   1.198e+01
  1.505e+02   2.000e+01   1.198e+01
  1.469e+02   2.000e+01   1.198e+01
  1.433e+02   2.000e+01   1.198e+01
  1.397e+02   2.000e+01   1.198e+01
  1.361e+02   2.000e+01   1.198e+01
  1.326e+02   2.000e+01   1.198e+01
  1.290e+02   2.000e+01   1.198e+01
  1.254e+02   2.000e+01   1.198e+01
  1.218e+02   2.000e+01   1.198e+01
  1.182e+02   2.000e+01   1.198e+01
  1.146e+02   2.000e+01   1.198e+01
  1.111e+02   2.000e+01   1.198e+01
  1.075e+02   2.000e+01   1.198e+01
  1.039e+02   2.000e+01   1.198e+01
  1.003e+02   2.000e+01   1.198e+01
  9.673e+01   2.000e+01   1.198e+01
  9.314e+01   2.000e+01   1.198e+01
  8.956e+01   2.000e+01   1.198e+01
  8.598e+01   2.000e+01   1.198e+01
  8.240e+01   2.000e+01   1.198e+01
  7.881e+01   2.000e+01   1.198e+01
  7.523e+01   2.000e+01   1.198e+01
  7.165e+01   2.000e+01   1.198e+01
  6.807e+01   1.997e+01   1.198e+01
  6.448e+01   1.993e+01   1.198e+01
  6.090e+01   1.987e+01   1.198e+01
  5.732e+01   1.980e+01   1.198e+01
  5.015e+01   1.934e+01   1.198e+01
  4.657e+01   1.905e+01   1.198e+01
  4.299e+01   1.872e+01   1.198e+01
  3.939e+01   1.821e+01   1.198e+01
  3.580e+01   1.766e+01   1.198e+01
  3.222e+01   1.702e+01   1.198e+01
  2.866e+01   1.627e+01   1.198e+01
  2.506e+01   1.520e+01   1.198e+01
  1.789e+01   1.256e+01   1.198e+01
  1.433e+01   1.098e+01   1.198e+01
  1.073e+01   9.212e+00   1.198e+01
  7.165e+00   7.383e+00   1.198e+01
  3.583e+00   5.457e+00   1.198e+01
  0.000e+00   3.452e+00   1.198e+01
 -2.987e+00   1.807e+00   1.198e+01
 -5.879e+00   0.000e+00   1.198e+01
