JOB WALAS
"ship1_nodeElement.wet"
"ship1_nodeElement.dry"
"ship1_node.modal"
"ship1_element.modal"
"ship1_element.dudx"
"ship1_nodeElement_free.wet"
"ship1_nodeElement_control.wet"
"ship1_nodeElement_slmParam.ini"
286.6       11.98       1           1           1           0           0           -3          3           0.1         
138.395     0           16.562      
1.774E+10   4.21E+11    4.21E+11    0           0           0           
0           0           0           0           
2.572       1025        9.81        1500.
1           1000.0
1           40          
0.05        0.1         0.15        0.2         0.25        0.3         
0.35        0.4         0.45        0.5         0.55        0.6         
0.65        0.7         0.75        0.8         0.85        0.9         
0.95        1           1.05        1.1         1.15        1.2         
1.25        1.3         1.35        1.4         1.45        1.5         
1.55        1.6         1.65        1.7         1.75        1.8         
1.85        1.9         1.95        2           
1           1    
180         
50          
0           0           4           
0           1
0           0           0           0.05        0.05        0           
0.006       0.006       0.006       0.006        
8           
1.033E+07   2.332E+01   0.000E+00   1.656E+01   0.000E+00   
4.844E+06   5.649E+01   0.000E+00   1.656E+01   0.000E+00   
1.004E+07   8.028E+01   0.000E+00   1.656E+01   0.000E+00   
1.190E+07   1.086E+02   0.000E+00   1.656E+01   0.000E+00   
1.232E+07   1.374E+02   0.000E+00   1.656E+01   0.000E+00   
1.087E+07   1.661E+02   0.000E+00   1.656E+01   0.000E+00   
9.406E+06   1.949E+02   0.000E+00   1.656E+01   0.000E+00   
1.585E+07   2.479E+02   0.000E+00   1.656E+01   0.000E+00   
1           -1         
1.224E+02   0.000E+00   1.656E+01   
SPRING
0         
500000      5E+06       0           0           0           1E+10       
RUDDER-PID
0
180 -10 7 3 3 0 3
