20
"B01"
0           2          62.832 
3        1200     800     900
10          
0           0           
0           0           
0           0           
0           0           
0           0           
0           0           
0           0           
0           0           
0           0           
0           0
"B02"
0           2         31.416
3        1500     1000     1100
10          
0           0           
0           0           
0           0           
0           0           
0           0           
0           0           
0           0           
0           0           
0           0           
0           0
"B03"
0           2         20.944  
2        800     650     750
10          
0           0           
0           0           
0           0           
0           0           
0           0           
0           0           
0           0           
0           0           
0           0           
0           0
"B04"
0           2         15.708 
1.5        600     500     580
10          
0           0           
0           0           
0           0           
0           0           
0           0           
0           0           
0           0           
0           0           
0           0           
0           0
"B05"
0           2         12.566  
1        400     350     390
10          
0           0           
0           0           
0           0           
0           0           
0           0           
0           0           
0           0           
0           0           
0           0           
0           0
"B06"
0           2         10.472  
1        400     350     390
10          
0           0           
0           0           
0           0           
0           0           
0           0           
0           0           
0           0           
0           0           
0           0           
0           0
"B07"
0           2         8.976  
0.9        360     300     350
10          
0           0           
0           0           
0           0           
0           0           
0           0           
0           0           
0           0           
0           0           
0           0           
0           0
"B08"
0           2         7.854  
0.7        280     240     270
10          
0           0           
0           0           
0           0           
0           0           
0           0           
0           0           
0           0           
0           0           
0           0           
0           0
"B09"
0           2         6.981  
0.6        240     200     230
10          
0           0           
0           0           
0           0           
0           0           
0           0           
0           0           
0           0           
0           0           
0           0           
0           0
"B10"
0           2         6.283  
0.5        200     150     190
10          
0           0           
0           0           
0           0           
0           0           
0           0           
0           0           
0           0           
0           0           
0           0           
0           0
"B11"
0           2         5.712  
0.4        160     130     150
10          
0           0           
0           0           
0           0           
0           0           
0           0           
0           0           
0           0           
0           0           
0           0           
0           0
"B12"
0           2         5.236  
0.4        160     130     150
10          
0           0           
0           0           
0           0           
0           0           
0           0           
0           0           
0           0           
0           0           
0           0           
0           0
"B13"
0           2         4.833  
0.4       160     130     150
10          
0           0           
0           0           
0           0           
0           0           
0           0           
0           0           
0           0           
0           0           
0           0           
0           0
"B14"
0           2         4.488  
0.4        160     130     150
10          
0           0           
0           0           
0           0           
0           0           
0           0           
0           0           
0           0           
0           0           
0           0           
0           0
"B15"
0           2         4.189
0.4        160     130     150
10          
0           0           
0           0           
0           0           
0           0           
0           0           
0           0           
0           0           
0           0           
0           0           
0           0
"B16"
0           2         3.927  
0.3        160     130     150
10          
0           0           
0           0           
0           0           
0           0           
0           0           
0           0           
0           0           
0           0           
0           0           
0           0
"B17"
0           2         3.696  
0.3        160     130     150
10          
0           0           
0           0           
0           0           
0           0           
0           0           
0           0           
0           0           
0           0           
0           0           
0           0
"B18"
0           2         3.491  
0.3        160     130     150
10          
0           0           
0           0           
0           0           
0           0           
0           0           
0           0           
0           0           
0           0           
0           0           
0           0
"B19"
0           2         3.307  
0.3        160     130     150
10          
0           0           
0           0           
0           0           
0           0           
0           0           
0           0           
0           0           
0           0           
0           0           
0           0
"B20"
0           2         3.142  
0.3        160     130     150
10          
0           0           
0           0           
0           0           
0           0           
0           0           
0           0           
0           0           
0           0           
0           0           
0           0


impulseFlag, FKI, LSTF, SLM
int impulseFlag;//是否直接读入脉冲响应函数(0：直接读入，1：通过频率传递函数重新计算)
int FKI;//1表示湿表面压力积分
int LSTF;//1表示线性恢复力
int SLM;//1表示考虑砰击
线性静水恢复力标志（1：采用线性，0：采用非线性；每个时刻重新计算） 平均湿表面计算入射力标志（1：采用平均位置，0：采用瞬时位置）
（0：规则波，1：不规则波） (0:P-M谱，1：Jonswap谱)  Hs  Tz  （r） num seed
 angle
时间间隔  持续时间点数
初始条件（位移、速度）
人工弹性刚度（只有主对角线上）
